Time(s)	SetTemp(K)	Temp(K)	HeatPower	P	I	D	
-1.9073486328125E-6	400	385.365	0	130	50	0	-1670590442.55353
5.18150591850281	400	381.341	0	130	50	0	-1670590437.37202
10.299861907959	400	378.555	0	130	50	0	-1670590432.25367
15.4616639614105	400	375.239	0	130	50	0	-1670590427.09187
20.5822200775146	400	372.901	0	130	50	0	-1670590421.97131
25.738569021225	400	369.995	0	130	50	0	-1670590416.81496
30.8292880058289	400	368.184	0	130	50	0	-1670590411.72424
35.9199569225311	400	365.736	0	130	50	0	-1670590406.63357
41.0158030986786	400	363.876	0	130	50	0	-1670590401.53773
46.1287779808044	400	361.537	0	130	50	0	-1670590396.42475
51.2148299217224	400	360.179	0	130	50	0	-1670590391.3387
56.3189599514008	400	357.883	0	130	50	0	-1670590386.23457
61.4459850788116	400	356.78	0	130	50	0	-1670590381.10754
66.5212640762329	400	354.841	0	130	50	0	-1670590376.03227
71.607460975647	400	353.537	0	130	50	0	-1670590370.94607
76.6684370040894	400	351.905	0	130	50	0	-1670590365.88509
81.7305829524994	400	350.41	0	130	50	0	-1670590360.82295
86.8146440982819	400	349.269	0	130	50	0	-1670590355.73889
91.9030659198761	400	347.744	0	130	50	0	-1670590350.65046
96.9635369777679	400	346.765	0	130	50	0	-1670590345.58999
102.043352127075	400	344.625	0	130	50	0	-1670590340.51018
107.114633083344	400	344.203	0	130	50	0	-1670590335.4389
112.186800003052	400	342.471	0	130	50	0	-1670590330.36673
117.277486085892	400	341.531	0	130	50	0	-1670590325.27604
122.357955932617	400	340.235	0	130	50	0	-1670590320.19557
127.437947034836	400	339.141	0	130	50	0	-1670590315.11558
132.509056091309	400	338.063	0	130	50	0	-1670590310.04447
137.571229934692	400	336.236	0	130	50	0	-1670590304.9823
142.661910057068	400	335.939	0	130	50	0	-1670590299.89162
147.742748022079	400	334.053	0	130	50	0	-1670590294.81078
152.813889026642	400	333.571	0	130	50	0	-1670590289.73964
157.884215116501	400	331.885	0	130	50	0	-1670590284.66931
162.964949131012	400	331.579	0	130	50	0	-1670590279.58858
168.059132099152	400	330.102	0	130	50	0	-1670590274.4944
173.17773604393	400	329.005	0	130	50	0	-1670590269.37579
178.26388001442	400	328.373	0	130	50	0	-1670590264.28965
183.359657049179	400	326.574	0	130	50	0	-1670590259.19387
188.451378107071	400	325.89	0	130	50	0	-1670590254.10215
193.56636095047	400	324.922	0	130	50	0	-1670590248.98717
198.72248506546	400	323.96	0	130	50	0	-1670590243.83104
203.783936023712	400	323.044	0	130	50	0	-1670590238.76959
208.865822076797	400	321.981	0	130	50	0	-1670590233.68771
213.977260112762	400	321.002	0	130	50	0	-1670590228.57627
219.068821907043	400	319.92	0	130	50	0	-1670590223.48471
224.17734003067	400	318.871	0	130	50	0	-1670590218.37619
229.258579015732	400	318.225	0	130	50	0	-1670590213.29495
234.344459056854	400	316.876	0	130	50	0	-1670590208.20907
239.470299959183	400	316.211	0	130	50	0	-1670590203.08323
244.56324005127	400	315.231	0	130	50	0	-1670590197.99029
249.662646055222	400	314.17	0	130	50	0	-1670590192.89088
254.745610952377	400	313.153	0	130	50	0	-1670590187.80792
259.840876102448	400	312.403	0	130	50	0	-1670590182.71265
264.934912919998	400	311.319	0	130	50	0	-1670590177.61862
270.01807308197	400	310.455	0	130	50	0	-1670590172.53546
275.0881960392	400	309.154	0	130	50	0	-1670590167.46533
280.183370113373	400	308.549	0	130	50	0	-1670590162.37016
285.299616098404	400	307.407	0	130	50	0	-1670590157.25391
290.392131090164	400	306.597	0	130	50	0	-1670590152.1614
295.493221998215	400	305.329	0	130	50	0	-1670590147.06031
300.582705020905	400	304.892	0	130	50	0	-1670590141.97083
305.653332948685	400	303.678	0	130	50	0	-1670590136.9002
310.750365018845	400	302.983	0	130	50	0	-1670590131.80317
315.85124707222	400	301.904	0	130	50	0	-1670590126.70228
320.953836917877	400	300.833	0	130	50	0	-1670590121.59969
326.02942609787	400	300.419	0	130	50	0	-1670590116.5241
331.112139940262	400	298.934	0	130	50	0	-1670590111.44139
336.182820081711	400	298.584	0	130	50	0	-1670590106.37071
341.270864963531	400	297.45	0	130	50	0	-1670590101.28267
346.3521900177	400	296.44	0	130	50	0	-1670590096.20134
351.422501087189	400	295.764	0	130	50	0	-1670590091.13103
356.493366956711	400	294.728	0	130	50	0	-1670590086.06016
361.585813999176	400	293.815	0	130	50	0	-1670590080.96772
366.677611112595	400	293.158	0	130	50	0	-1670590075.87592
371.756822109222	400	292.283	0	130	50	0	-1670590070.79671
376.837194919586	400	291.438	0	130	50	0	-1670590065.71634
381.909322977066	400	290.447	0	130	50	0	-1670590060.64421
386.979413986206	400	289.9	0	130	50	0	-1670590055.57412
392.061165094376	400	288.5	0	130	50	0	-1670590050.49236
397.131264925003	400	288.323	0	130	50	0	-1670590045.42227
402.202945947647	400	287.011	0	130	50	0	-1670590040.35058
407.276391029358	400	286.396	0	130	50	0	-1670590035.27714
412.365700006485	400	285.725	0	130	50	0	-1670590030.18783
417.435554027557	400	284.564	0	130	50	0	-1670590025.11798
422.526969909668	400	284.131	0	130	50	0	-1670590020.02656
427.607434034348	400	283.05	0	130	50	0	-1670590014.9461
432.67862701416	400	282.507	0	130	50	0	-1670590009.8749
437.764895915985	400	281.159	0	130	50	0	-1670590004.78863
442.861230134964	400	280.764	0	130	50	0	-1670589999.6923
447.943171977997	400	279.568	0	130	50	0	-1670589994.61036
453.042875051498	400	279.162	0	130	50	0	-1670589989.51065
458.113867044449	400	277.911	0	130	50	0	-1670589984.43966
463.195480108261	400	277.614	0	130	50	0	-1670589979.35805
468.266070127487	400	276.212	0	130	50	0	-1670589974.28746
473.336920976639	400	276.017	0	130	50	0	-1670589969.21661
478.420555114746	400	274.719	0	130	50	0	-1670589964.13297
483.518176078796	400	274.218	0	130	50	0	-1670589959.03535
488.599456071854	400	273.341	0	130	50	0	-1670589953.95407
493.683881044388	400	272.429	0	130	50	0	-1670589948.86965
498.743287086487	400	271.782	0	130	50	0	-1670589943.81024
503.81297492981	400	270.529	0	130	50	0	-1670589938.74056
508.884061098099	400	270.415	0	130	50	0	-1670589933.66947
513.964788913727	400	268.932	0	130	50	0	-1670589928.58874
519.045807123184	400	268.819	0	130	50	0	-1670589923.50772
524.137998104095	400	267.562	0	130	50	0	-1670589918.41553
529.217674970627	400	267.164	0	130	50	0	-1670589913.33586
534.318900108337	400	266.363	0	130	50	0	-1670589908.23463
539.399230003357	400	265.655	0	130	50	0	-1670589903.1543
544.482847929001	400	264.954	0	130	50	0	-1670589898.07068
549.552312135696	400	264.046	0	130	50	0	-1670589893.00122
554.627512931824	400	263.369	0	130	50	0	-1670589887.92602
559.706493139267	400	262.353	0	130	50	0	-1670589882.84704
564.774801015854	400	261.975	0	130	50	0	-1670589877.77873
569.848299980164	400	261.255	0	130	50	0	-1670589872.70523
574.906947135925	400	260.296	0	130	50	0	-1670589867.64658
579.997646093369	400	259.611	0	130	50	0	-1670589862.55588
585.07852602005	400	258.699	0	130	50	0	-1670589857.475
590.159395933151	400	258.403	0	130	50	0	-1670589852.39413
595.241087913513	400	257.494	0	130	50	0	-1670589847.31244
600.322030067444	400	257.102	0	130	50	0	-1670589842.2315
605.406227111816	400	255.991	0	130	50	0	-1670589837.1473
610.494215011597	400	255.356	0	130	50	0	-1670589832.05932
615.57887005806	400	254.912	0	130	50	0	-1670589826.97466
620.655298948288	400	253.763	0	130	50	0	-1670589821.89823
625.726571083069	400	253.157	0	130	50	0	-1670589816.82696
630.811784982681	400	252.519	0	130	50	0	-1670589811.74175
635.898731946945	400	251.35	0	130	50	0	-1670589806.6548
640.96984410286	400	251.225	0	130	50	0	-1670589801.58369
646.05243897438	400	250.273	0	130	50	0	-1670589796.50109
651.112267971039	400	249.808	0	130	50	0	-1670589791.44126
656.192497968674	400	248.906	0	130	50	0	-1670589786.36103
661.263875007629	400	248.292	0	130	50	0	-1670589781.28966
666.334391117096	400	247.748	0	130	50	0	-1670589776.21914
671.416093111038	400	246.924	0	130	50	0	-1670589771.13744
676.487539052963	400	246.297	0	130	50	0	-1670589766.06599
681.571329116821	400	245.827	0	130	50	0	-1670589760.9822
686.64857506752	400	244.819	0	130	50	0	-1670589755.90495
691.719798088074	400	244.487	0	130	50	0	-1670589750.83373
696.80050110817	400	243.475	0	130	50	0	-1670589745.75303
701.891674041748	400	243.278	0	130	50	0	-1670589740.66186
706.965748071671	400	242.018	0	130	50	0	-1670589735.58778
712.035514116287	400	241.921	0	130	50	0	-1670589730.51802
717.104818105698	400	240.851	0	130	50	0	-1670589725.44871
722.195724964142	400	240.665	0	130	50	0	-1670589720.35781
727.286335945129	400	239.553	0	130	50	0	-1670589715.26719
732.367474079132	400	239.412	0	130	50	0	-1670589710.18606
737.438498020172	400	238.34	0	130	50	0	-1670589705.11503
742.52020907402	400	238.077	0	130	50	0	-1670589700.03332
747.590506076813	400	237.545	0	130	50	0	-1670589694.96302
752.66210603714	400	236.778	0	130	50	0	-1670589689.89142
757.735523939133	400	235.926	0	130	50	0	-1670589684.81801
762.813591957092	400	235.8	0	130	50	0	-1670589679.73994
767.89191699028	400	234.554	0	130	50	0	-1670589674.66161
772.966260910034	400	234.418	0	130	50	0	-1670589669.58727
778.037384033203	400	233.464	0	130	50	0	-1670589664.51615
783.117969989777	400	233.252	0	130	50	0	-1670589659.43556
788.19896197319	400	232.255	0	130	50	0	-1670589654.35457
793.282346963882	400	231.984	0	130	50	0	-1670589649.27118
798.372476100922	400	230.947	0	130	50	0	-1670589644.18105
803.441951990128	400	230.818	0	130	50	0	-1670589639.11158
808.563323020935	400	229.561	0	130	50	0	-1670589633.99021
813.63397693634	400	229.5	0	130	50	0	-1670589628.91955
818.714836120605	400	228.564	0	130	50	0	-1670589623.83869
823.7952439785	400	227.948	0	130	50	0	-1670589618.75829
828.877715110779	400	227.466	0	130	50	0	-1670589613.67581
833.952825069427	400	226.719	0	130	50	0	-1670589608.6007
839.051427125931	400	226.302	0	130	50	0	-1670589603.5021
844.119429111481	400	225.972	0	130	50	0	-1670589598.4341
849.200762033463	400	225.19	0	130	50	0	-1670589593.35277
854.271641969681	400	224.846	0	130	50	0	-1670589588.28189
859.342499017715	400	224.148	0	130	50	0	-1670589583.21103
864.423991918564	400	223.726	0	130	50	0	-1670589578.12954
869.504818916321	400	223.134	0	130	50	0	-1670589573.04871
874.575220108032	400	222.658	0	130	50	0	-1670589567.97831
879.666234970093	400	222.047	0	130	50	0	-1670589562.8873
884.747642993927	400	221.236	0	130	50	0	-1670589557.80589
889.828779935837	400	220.945	0	130	50	0	-1670589552.72475
894.929951906204	400	219.785	0	130	50	0	-1670589547.62358
900.010961055756	400	219.768	0	130	50	0	-1670589542.54257
905.101505994797	400	218.533	0	130	50	0	-1670589537.45202
910.182193040848	400	218.603	0	130	50	0	-1670589532.37134
915.275872945786	400	217.494	0	130	50	0	-1670589527.27766
920.344736099243	400	217.534	0	130	50	0	-1670589522.20879
925.425653934479	400	216.601	0	130	50	0	-1670589517.12788
930.496416091919	400	216.477	0	130	50	0	-1670589512.05711
935.567910909653	400	215.507	0	130	50	0	-1670589506.98562
940.639068126678	400	215.375	0	130	50	0	-1670589501.91446
945.709161043167	400	214.281	0	130	50	0	-1670589496.84437
950.781088113785	400	214.264	0	130	50	0	-1670589491.77244
955.851542949677	400	213.325	0	130	50	0	-1670589486.70199
960.933056116104	400	213.251	0	130	50	0	-1670589481.62047
966.003916025162	400	212.272	0	130	50	0	-1670589476.54961
971.075428009033	400	212.226	0	130	50	0	-1670589471.4781
976.145657062531	400	211.185	0	130	50	0	-1670589466.40787
981.227607965469	400	211.167	0	130	50	0	-1670589461.32592
986.299207925797	400	210.381	0	130	50	0	-1670589456.25432
991.378691911697	400	210.015	0	130	50	0	-1670589451.17484
996.439517021179	400	209.46	0	130	50	0	-1670589446.11401
1001.52010798454	400	208.668	0	130	50	0	-1670589441.03342
1006.59156012535	400	208.434	0	130	50	0	-1670589435.96197
1011.68295407295	400	207.145	0	130	50	0	-1670589430.87058
1016.75351595879	400	207.263	0	130	50	0	-1670589425.80001
1021.8251349926	400	206.532	0	130	50	0	-1670589420.7284
1026.90551710129	400	206.037	0	130	50	0	-1670589415.64801
1031.97728395462	400	205.749	0	130	50	0	-1670589410.57625
1037.04733705521	400	204.7	0	130	50	0	-1670589405.50619
1042.12830901146	400	204.771	0	130	50	0	-1670589400.42522
1047.19995307922	400	203.988	0	130	50	0	-1670589395.35358
1052.2819070816	400	203.536	0	130	50	0	-1670589390.27162
1057.34212493896	400	203.245	0	130	50	0	-1670589385.21141
1062.42208504677	400	202.322	0	130	50	0	-1670589380.13144
1067.49343395233	400	202.311	0	130	50	0	-1670589375.0601
1072.56591391563	400	201.421	0	130	50	0	-1670589369.98762
1077.6462790966	400	200.943	0	130	50	0	-1670589364.90725
1082.72780203819	400	200.609	0	130	50	0	-1670589359.82573
1087.7971739769	400	199.93	0	130	50	0	-1670589354.75636
1092.86857390404	400	199.443	0	130	50	0	-1670589349.68496
1097.93920207024	400	199.068	0	130	50	0	-1670589344.61433
1103.02045702934	400	198.375	0	130	50	0	-1670589339.53307
1108.09114003181	400	197.87	0	130	50	0	-1670589334.46239
1113.16801905632	400	197.524	0	130	50	0	-1670589329.38551
1118.24367713928	400	196.785	0	130	50	0	-1670589324.30985
1123.31676697731	400	196.549	0	130	50	0	-1670589319.23676
1128.39575099945	400	195.884	0	130	50	0	-1670589314.15778
1133.47010612488	400	195.493	0	130	50	0	-1670589309.08342
1138.55611109734	400	194.609	0	130	50	0	-1670589303.99742
1143.6516289711	400	194.514	0	130	50	0	-1670589298.9019
1148.72921299934	400	193.488	0	130	50	0	-1670589293.82432
1153.8001639843	400	193.568	0	130	50	0	-1670589288.75337
1158.8710000515	400	193.153	0	130	50	0	-1670589283.68253
1163.95266890526	400	192.778	0	130	50	0	-1670589278.60086
1169.03365898132	400	192.141	0	130	50	0	-1670589273.51987
1174.10491895676	400	191.767	0	130	50	0	-1670589268.44861
1179.20621800423	400	190.821	0	130	50	0	-1670589263.34731
1184.28659296036	400	190.769	0	130	50	0	-1670589258.26694
1189.35748004913	400	189.774	0	130	50	0	-1670589253.19605
1194.42832398415	400	189.811	0	130	50	0	-1670589248.12521
1199.49909710884	400	188.879	0	130	50	0	-1670589243.05443
1204.57008910179	400	188.778	0	130	50	0	-1670589237.98344
1209.66127800941	400	187.935	0	130	50	0	-1670589232.89225
1214.74283909798	400	187.858	0	130	50	0	-1670589227.81069
1219.82529091835	400	187.107	0	130	50	0	-1670589222.72824
1224.92207694054	400	186.762	0	130	50	0	-1670589217.63145
1230.01491713524	400	186.266	0	130	50	0	-1670589212.53861
1235.10457992554	400	186.184	0	130	50	0	-1670589207.44895
1240.1979329586	400	185.57	0	130	50	0	-1670589202.3556
1245.25890207291	400	185.214	0	130	50	0	-1670589197.29463
1250.32909607887	400	184.739	0	130	50	0	-1670589192.22443
1255.41067910194	400	184.421	0	130	50	0	-1670589187.14285
1260.4819560051	400	183.692	0	130	50	0	-1670589182.07157
1265.63107705116	400	183.225	0	130	50	0	-1670589176.92245
1270.74684309959	400	182.73	0	130	50	0	-1670589171.80669
1275.85216093063	400	182.342	0	130	50	0	-1670589166.70137
1280.94950509071	400	181.645	0	130	50	0	-1670589161.60402
1286.07718396187	400	181.414	0	130	50	0	-1670589156.47635
1291.20538592339	400	180.624	0	130	50	0	-1670589151.34814
1296.30235099792	400	180.533	0	130	50	0	-1670589146.25118
1301.38147902489	400	179.797	0	130	50	0	-1670589141.17205
1306.48128199577	400	179.472	0	130	50	0	-1670589136.07225
1311.57215094566	400	178.952	0	130	50	0	-1670589130.98138
1316.67448496819	400	178.727	0	130	50	0	-1670589125.87905
1321.79823303223	400	177.858	0	130	50	0	-1670589120.7553
1326.90690112114	400	177.702	0	130	50	0	-1670589115.64663
1332.01331806183	400	177.239	0	130	50	0	-1670589110.54021
1337.11615610123	400	176.91	0	130	50	0	-1670589105.43737
1342.20722413063	400	176.366	0	130	50	0	-1670589100.34631
1347.29054403305	400	176.033	0	130	50	0	-1670589095.26299
1352.37034106255	400	175.237	0	130	50	0	-1670589090.18319
1357.46148490906	400	175.248	0	130	50	0	-1670589085.09205
1362.55505895615	400	174.442	0	130	50	0	-1670589079.99847
1367.65548300743	400	174.327	0	130	50	0	-1670589074.89805
1372.7245759964	400	173.755	0	130	50	0	-1670589069.82895
1377.83026313782	400	173.32	0	130	50	0	-1670589064.72327
1382.91589808464	400	172.753	0	130	50	0	-1670589059.63763
1387.97656011581	400	172.52	0	130	50	0	-1670589054.57697
1393.05907893181	400	171.745	0	130	50	0	-1670589049.49445
1398.155575037	400	171.492	0	130	50	0	-1670589044.39795
1403.26651000977	400	171.193	0	130	50	0	-1670589039.28702
1408.36079096794	400	170.853	0	130	50	0	-1670589034.19274
1413.44682502747	400	170.531	0	130	50	0	-1670589029.10671
1418.56284403801	400	169.922	0	130	50	0	-1670589023.99069
1423.63315796852	400	169.515	0	130	50	0	-1670589018.92037
1428.7140789032	400	168.969	0	130	50	0	-1670589013.83945
1433.78573703766	400	168.737	0	130	50	0	-1670589008.76779
1438.86671495438	400	167.933	0	130	50	0	-1670589003.68682
1443.94770002365	400	167.919	0	130	50	0	-1670588998.60583
1449.02902007103	400	167.259	0	130	50	0	-1670588993.52451
1454.10984897614	400	167.195	0	130	50	0	-1670588988.44368
1459.19087290764	400	166.49	0	130	50	0	-1670588983.36266
1464.27163791656	400	166.263	0	130	50	0	-1670588978.28189
1469.34261703491	400	165.61	0	130	50	0	-1670588973.21091
1474.42713403702	400	165.155	0	130	50	0	-1670588968.1264
1479.48479104042	400	164.739	0	130	50	0	-1670588963.06874
1484.56601810455	400	164.48	0	130	50	0	-1670588957.98751
1489.64667201042	400	163.926	0	130	50	0	-1670588952.90686
1494.72729611397	400	163.613	0	130	50	0	-1670588947.82623
1499.81826400757	400	163.194	0	130	50	0	-1670588942.73527
1504.88377690315	400	162.542	0	130	50	0	-1670588937.66975
1509.97081112862	400	162.289	0	130	50	0	-1670588932.58272
1515.05205798149	400	161.848	0	130	50	0	-1670588927.50147
1520.13393592834	400	161.669	0	130	50	0	-1670588922.41959
1525.20330500603	400	161.055	0	130	50	0	-1670588917.35023
1530.28481197357	400	160.732	0	130	50	0	-1670588912.26872
1535.36025810242	400	160.481	0	130	50	0	-1670588907.19327
1540.43643712997	400	159.845	0	130	50	0	-1670588902.11709
1545.51706314087	400	159.713	0	130	50	0	-1670588897.03647
1552.48631906509	400	158.833	0	130	50	0	-1670588890.06721
1557.74027490616	400	158.788	0	130	50	0	-1670588884.81326
1562.82466697693	400	158.078	0	130	50	0	-1670588879.72886
1567.90183591843	400	157.925	0	130	50	0	-1670588874.65169
1572.98307204247	400	157.23	0	130	50	0	-1670588869.57046
1578.05416607857	400	156.937	0	130	50	0	-1670588864.49936
1583.12512803078	400	156.671	0	130	50	0	-1670588859.4284
1588.19946694374	400	156.048	0	130	50	0	-1670588854.35406
1593.27762699127	400	155.938	0	130	50	0	-1670588849.2759
1598.3677880764	400	155.397	0	130	50	0	-1670588844.18574
1603.43865990639	400	155.168	0	130	50	0	-1670588839.11487
1608.54118704796	400	154.704	0	130	50	0	-1670588834.01234
1613.63161993027	400	154.262	0	130	50	0	-1670588828.92191
1618.72287607193	400	153.972	0	130	50	0	-1670588823.83065
1623.79349803925	400	153.241	0	130	50	0	-1670588818.76003
1628.86672401428	400	153.28	0	130	50	0	-1670588813.68681
1633.96617102623	400	152.557	0	130	50	0	-1670588808.58736
1639.03620409966	400	152.387	0	130	50	0	-1670588803.51733
1644.1429541111	400	151.926	0	130	50	0	-1670588798.41058
1649.24312400818	400	151.41	0	130	50	0	-1670588793.31041
1654.34016299248	400	151.247	0	130	50	0	-1670588788.21337
1659.44989204407	400	150.579	0	130	50	0	-1670588783.10364
1664.54290103912	400	150.566	0	130	50	0	-1670588778.01063
1669.63178706169	400	149.906	0	130	50	0	-1670588772.92174
1674.70405197144	400	149.701	0	130	50	0	-1670588767.84948
1679.78395700455	400	149.364	0	130	50	0	-1670588762.76957
1684.86528611183	400	148.792	0	130	50	0	-1670588757.68824
1689.94567894936	400	148.679	0	130	50	0	-1670588752.60785
1695.01624298096	400	148.045	0	130	50	0	-1670588747.53729
1700.0975189209	400	147.955	0	130	50	0	-1670588742.45601
1705.16858506203	400	147.353	0	130	50	0	-1670588737.38494
1710.24939107895	400	147.027	0	130	50	0	-1670588732.30414
1715.31431102753	400	146.778	0	130	50	0	-1670588727.23922
1720.42165112495	400	146.191	0	130	50	0	-1670588722.13188
1725.54978203774	400	146.022	0	130	50	0	-1670588717.00375
1730.63423800468	400	145.689	0	130	50	0	-1670588711.91929
1738.2147359848	400	145.136	0	130	50	0	-1670588704.33879
1743.48605394363	400	144.829	0	130	50	0	-1670588699.06748
1748.56249403954	400	144.412	0	130	50	0	-1670588693.99104
1753.63860106468	400	144.091	0	130	50	0	-1670588688.91493
1758.70977807045	400	143.831	0	130	50	0	-1670588683.84375
1763.79009413719	400	143.425	0	130	50	0	-1670588678.76344
1768.86096191406	400	143.196	0	130	50	0	-1670588673.69257
1773.9227309227	400	142.558	0	130	50	0	-1670588668.6308
1779.00358390808	400	142.417	0	130	50	0	-1670588663.54995
1784.08483600616	400	141.837	0	130	50	0	-1670588658.46869
1789.14509606361	400	141.732	0	130	50	0	-1670588653.40843
1794.21653413773	400	141.224	0	130	50	0	-1670588648.337
1799.27674102783	400	141.055	0	130	50	0	-1670588643.27679
1804.34821009636	400	140.54	0	130	50	0	-1670588638.20532
1809.40905809402	400	140.359	0	130	50	0	-1670588633.14447
1814.48017597198	400	139.89	0	130	50	0	-1670588628.07335
1819.55118513107	400	139.79	0	130	50	0	-1670588623.00234
1824.64197206497	400	139.169	0	130	50	0	-1670588617.91156
1829.7237200737	400	139.012	0	130	50	0	-1670588612.82981
1834.80417394638	400	138.623	0	130	50	0	-1670588607.74936
1839.87536501884	400	138.49	0	130	50	0	-1670588602.67817
1844.95838403702	400	137.889	0	130	50	0	-1670588597.59515
1850.04669713974	400	137.72	0	130	50	0	-1670588592.50683
1855.11863493919	400	137.308	0	130	50	0	-1670588587.4349
1860.18873310089	400	137.14	0	130	50	0	-1670588582.3648
1865.27998399735	400	136.869	0	130	50	0	-1670588577.27355
1870.36154103279	400	136.431	0	130	50	0	-1670588572.19199
1875.42204403877	400	136.194	0	130	50	0	-1670588567.13149
1880.49298191071	400	135.697	0	130	50	0	-1670588562.06055
1885.56481909752	400	135.562	0	130	50	0	-1670588556.98871
1890.66535902023	400	134.893	0	130	50	0	-1670588551.88817
1895.74670410156	400	134.859	0	130	50	0	-1670588546.80683
1900.81713008881	400	134.329	0	130	50	0	-1670588541.7364
1905.8992190361	400	134.05	0	130	50	0	-1670588536.65431
1910.97922110558	400	133.862	0	130	50	0	-1670588531.57431
1916.06027007103	400	133.257	0	130	50	0	-1670588526.49326
1921.12152791023	400	133.146	0	130	50	0	-1670588521.432
1926.20235490799	400	132.647	0	130	50	0	-1670588516.35118
1931.29285502434	400	132.599	0	130	50	0	-1670588511.26068
1936.3890440464	400	131.903	0	130	50	0	-1670588506.16449
1941.51513290405	400	131.888	0	130	50	0	-1670588501.0384
1946.59696602821	400	131.412	0	130	50	0	-1670588495.95656
1951.6673719883	400	131.135	0	130	50	0	-1670588490.88616
1956.72813296318	400	131.072	0	130	50	0	-1670588485.8254
1961.79869103432	400	130.332	0	130	50	0	-1670588480.75484
1966.87125706673	400	130.32	0	130	50	0	-1670588475.68227
1971.9515440464	400	129.833	0	130	50	0	-1670588470.60199
1977.02196002007	400	129.64	0	130	50	0	-1670588465.53157
1982.10350012779	400	129.368	0	130	50	0	-1670588460.45003
1987.17503499985	400	128.82	0	130	50	0	-1670588455.3785
1992.27493000031	400	128.777	0	130	50	0	-1670588450.2786
1997.36979699135	400	128.446	0	130	50	0	-1670588445.18373
2002.44127202034	400	128.245	0	130	50	0	-1670588440.11226
2007.51779294014	400	127.748	0	130	50	0	-1670588435.03574
2012.58939313889	400	127.615	0	130	50	0	-1670588429.96414
2017.66084098816	400	126.985	0	130	50	0	-1670588424.89269
2022.74072098732	400	126.951	0	130	50	0	-1670588419.81281
2027.84254097939	400	126.377	0	130	50	0	-1670588414.71099
2032.92351007462	400	126.239	0	130	50	0	-1670588409.63002
2037.99447894096	400	125.827	0	130	50	0	-1670588404.55905
2043.07542109489	400	125.582	0	130	50	0	-1670588399.47811
2048.13658690453	400	125.324	0	130	50	0	-1670588394.41694
2053.2069029808	400	124.894	0	130	50	0	-1670588389.34663
2058.27842497826	400	124.782	0	130	50	0	-1670588384.27511
2063.35929012299	400	124.15	0	130	50	0	-1670588379.19424
2068.43018698692	400	124.049	0	130	50	0	-1670588374.12334
2073.51121401787	400	123.406	0	130	50	0	-1670588369.04232
2078.59243798256	400	123.372	0	130	50	0	-1670588363.96109
2083.68428707123	400	122.907	0	130	50	0	-1670588358.86924
2088.75548100472	400	122.655	0	130	50	0	-1670588353.79805
2093.83511900902	400	122.294	0	130	50	0	-1670588348.71841
2098.91716313362	400	121.887	0	130	50	0	-1670588343.63637
2103.99703001976	400	121.809	0	130	50	0	-1670588338.5565
2109.07825899124	400	121.192	0	130	50	0	-1670588333.47527
2114.1386950016	400	121.195	0	130	50	0	-1670588328.41484
2119.20985603333	400	120.623	0	130	50	0	-1670588323.34367
2124.30038309097	400	120.579	0	130	50	0	-1670588318.25315
2129.3720240593	400	119.947	0	130	50	0	-1670588313.18151
2134.44484591484	400	119.793	0	130	50	0	-1670588308.10868
2139.53458499908	400	119.495	0	130	50	0	-1670588303.01895
2144.6047949791	400	119.002	0	130	50	0	-1670588297.94874
2149.70604395866	400	118.997	0	130	50	0	-1670588292.84749
2154.77958703041	400	118.729	0	130	50	0	-1670588287.77394
2159.83779096603	400	118.602	0	130	50	0	-1670588282.71574
2164.92870092392	400	118.105	0	130	50	0	-1670588277.62483
2170.02032494545	400	118.029	0	130	50	0	-1670588272.53321
2175.10125994682	400	117.512	0	130	50	0	-1670588267.45227
2180.19204998016	400	117.334	0	130	50	0	-1670588262.36148
2185.27300000191	400	116.841	0	130	50	0	-1670588257.28053
2190.33365011215	400	116.686	0	130	50	0	-1670588252.21988
2195.4051399231	400	116.133	0	130	50	0	-1670588247.14839
2200.48624396324	400	116.162	0	130	50	0	-1670588242.06729
2205.55731391907	400	115.473	0	130	50	0	-1670588236.99622
2210.63769507408	400	115.303	0	130	50	0	-1670588231.91583
2215.7189040184	400	115.106	0	130	50	0	-1670588226.83463
2220.80535006523	400	114.483	0	130	50	0	-1670588221.74818
2225.88287496567	400	114.424	0	130	50	0	-1670588216.67066
2230.96268892288	400	113.786	0	130	50	0	-1670588211.59084
2236.0530629158	400	113.788	0	130	50	0	-1670588206.50047
2241.12576794624	400	113.552	0	130	50	0	-1670588201.42776
2246.21442699432	400	112.892	0	130	50	0	-1670588196.3391
2251.28768396378	400	112.83	0	130	50	0	-1670588191.26585
2256.35653495789	400	112.174	0	130	50	0	-1670588186.197
2261.43756604195	400	112.096	0	130	50	0	-1670588181.11596
2266.50881004334	400	111.791	0	130	50	0	-1670588176.04472
2271.58973002434	400	111.26	0	130	50	0	-1670588170.9638
2276.6630449295	400	111.319	0	130	50	0	-1670588165.89049
2281.74149394035	400	110.64	0	130	50	0	-1670588160.81204
2286.83235907555	400	110.713	0	130	50	0	-1670588155.72117
2291.91386008263	400	110.151	0	130	50	0	-1670588150.63967
2296.9952750206	400	109.789	0	130	50	0	-1670588145.55826
2302.08637213707	400	109.854	0	130	50	0	-1670588140.46716
2307.20200896263	400	108.997	0	130	50	0	-1670588135.35152
2312.33405900002	400	109.046	0	130	50	0	-1670588130.21947
2317.43859291077	400	108.573	0	130	50	0	-1670588125.11494
2322.53267192841	400	108.11	0	130	50	0	-1670588120.02086
2327.63246202469	400	108.097	0	130	50	0	-1670588114.92107
2332.73814296722	400	107.445	0	130	50	0	-1670588109.81539
2337.8359310627	400	107.559	0	130	50	0	-1670588104.7176
2343.00810694695	400	106.619	0	130	50	0	-1670588099.54542
2348.17013001442	400	106.839	0	130	50	0	-1670588094.3834
2353.28917002678	400	106.034	0	130	50	0	-1670588089.26436
2358.39020705223	400	105.871	0	130	50	0	-1670588084.16332
2363.49850797653	400	105.856	0	130	50	0	-1670588079.05502
2368.58937311172	400	104.921	0	130	50	0	-1670588073.96416
2373.70441603661	400	105.199	0	130	50	0	-1670588068.84911
2378.82597303391	400	104.096	0	130	50	0	-1670588063.72756
2383.98901200294	400	104.375	0	130	50	0	-1670588058.56452
2389.06305098534	400	103.785	0	130	50	0	-1670588053.49048
2394.14708399773	400	103.577	0	130	50	0	-1670588048.40645
2399.26564097404	400	103.217	0	130	50	0	-1670588043.28789
2404.38055205345	400	102.562	0	130	50	0	-1670588038.17298
2409.51537513733	400	102.796	0	130	50	0	-1670588033.03815
2414.62092590332	400	101.833	0	130	50	0	-1670588027.9326
2419.71503400803	400	102.111	0	130	50	0	-1670588022.8385
2424.81076002121	400	100.943	0	130	50	0	-1670588017.74277
2429.89729595184	400	101.202	0	130	50	0	-1670588012.65623
2435.00406694412	400	100.503	0	130	50	0	-1670588007.54946
2440.12015891075	400	100.296	0	130	50	0	-1670588002.43337
2445.20419692993	400	99.9646	0	130	50	0	-1670587997.34933
2450.29435706139	400	99.635	0	130	50	0	-1670587992.25917
2455.3799021244	400	99.7759	0	130	50	0	-1670587987.17363
2460.47717809677	400	98.4952	0	130	50	0	-1670587982.07635
2465.55824494362	400	99.1608	0	130	50	0	-1670587976.99529
2470.65218305588	400	97.7113	0	130	50	0	-1670587971.90135
2475.74216604233	400	98.0819	0	130	50	0	-1670587966.81136
2480.84457993507	400	97.391	0	130	50	0	-1670587961.70895
2485.96650409698	400	97.6758	0	130	50	0	-1670587956.58703
2491.10669803619	400	96.0238	0	130	50	0	-1670587951.44683
2496.21759009361	400	96.8434	0	130	50	0	-1670587946.33594
2501.29985594749	400	96.7494	0	130	50	0	-1670587941.25367
2506.40542197227	400	95.2895	0	130	50	0	-1670587936.14811
2511.52745604515	400	96.2027	0	130	50	0	-1670587931.02607
2516.62407493591	400	94.727	0	130	50	0	-1670587925.92946
2521.72732996941	400	95.4333	0	130	50	0	-1670587920.8262
2526.8294210434	400	94.4843	0	130	50	0	-1670587915.72411
2531.91073012352	400	94.0577	0	130	50	0	-1670587910.6428
2536.97574496269	400	94.5609	0	130	50	0	-1670587905.57779
2542.0781109333	400	92.7833	0	130	50	0	-1670587900.47542
2547.21022200584	400	93.8174	0	130	50	0	-1670587895.34331
2552.30583500862	400	92.5309	0	130	50	0	-1670587890.2477
2557.37742805481	400	93.3789	0	130	50	0	-1670587885.1761
2562.47700691223	400	91.6603	0	130	50	0	-1670587880.07652
2567.55806803703	400	92.6958	0	130	50	0	-1670587874.99546
2572.66603302956	400	90.6098	0	130	50	0	-1670587869.8875
2577.78023004532	400	91.716	0	130	50	0	-1670587864.7733
2582.87043309212	400	90.3252	0	130	50	0	-1670587859.6831
2587.94525694847	400	91.1716	0	130	50	0	-1670587854.60827
2593.06336092949	400	89.1479	89.1479	130	50	0	-1670587849.49017
2598.18482208252	400	90.2127	0	130	50	0	-1670587844.36871
2603.26513791084	400	88.5021	0	130	50	0	-1670587839.28839
2608.34715008736	400	89.32	0	130	50	0	-1670587834.20638
2613.43875193596	400	87.9555	0	130	50	0	-1670587829.11478
2618.5184841156	400	88.4213	0	130	50	0	-1670587824.03505
2623.58882808685	400	87.4482	0	130	50	0	-1670587818.9647
2628.66961503029	400	87.5438	0	130	50	0	-1670587813.88391
2633.76370000839	400	86.407	0	130	50	0	-1670587808.78983
2638.84196805954	400	86.2552	0	130	50	0	-1670587803.71156
2643.92274808884	400	87.3731	0	130	50	0	-1670587798.63078
2648.98349308968	400	84.7259	0	130	50	0	-1670587793.57004
2654.06704807281	400	86.4415	0	130	50	0	-1670587788.48648
2659.15701913834	400	83.7651	0	130	50	0	-1670587783.39651
2664.23671007156	400	85.4418	0	130	50	0	-1670587778.31682
2669.30886793137	400	83.1273	0	130	50	0	-1670587773.24466
2674.38984894753	400	84.7896	0	130	50	0	-1670587768.16368
2679.46999406815	400	83.1945	0	130	50	0	-1670587763.08354
2684.55116891861	400	83.5464	0	130	50	0	-1670587758.00236
2689.62125301361	400	84.2931	0	130	50	0	-1670587752.93228
2694.69714999199	400	83.6001	0	130	50	0	-1670587747.85638
2699.78312301636	400	81.8092	0	130	50	0	-1670587742.77041
2704.864839077	400	82.9034	0	130	50	0	-1670587737.68869
2709.94585990906	400	81.2303	0	130	50	0	-1670587732.60767
2715.02612400055	400	82.067	0	130	50	0	-1670587727.52741
2720.08863401413	400	81.7514	0	130	50	0	-1670587722.4649
2725.15831112862	400	81.0661	0	130	50	0	-1670587717.39522
2730.23006892204	400	80.0227	0	130	50	0	-1670587712.32346
2735.32627606392	400	80.9525	0	130	50	0	-1670587707.22725
2740.41149997711	400	79.5437	0	130	50	0	-1670587702.14203
2745.4827940464	400	80.5181	0	130	50	0	-1670587697.07074
2750.54357409477	400	79.1675	0	130	50	0	-1670587692.00996
2755.62473511696	400	79.7548	0	130	50	0	-1670587686.92879
2760.69540190697	400	78.9557	0	130	50	0	-1670587681.85813
2765.76655197144	400	78.7932	0	130	50	0	-1670587676.78698
2770.84840893745	400	78.735	0	130	50	0	-1670587671.70512
2775.92853307724	400	78.4222	0	130	50	0	-1670587666.625
2780.98998093605	400	78.4171	0	130	50	0	-1670587661.56355
2786.08064293861	400	78.2476	0	130	50	0	-1670587656.47289
2791.17139196396	400	78.2094	0	130	50	0	-1670587651.38214
2796.2625079155	400	78.4546	0	130	50	0	-1670587646.29102
2801.33401799202	400	78.1336	0	130	50	0	-1670587641.21951
2869.69113206863	400	77.6716	0	130	50	0	-1670587572.8624
2874.87750196457	400	77.6124	0	130	50	0	-1670587567.67603
2879.96784305573	400	77.6547	0	130	50	0	-1670587562.58569
2885.03964996338	400	77.5557	0	130	50	0	-1670587557.51388
2890.11544704437	400	77.6142	0	130	50	0	-1670587552.43808
2895.23243999481	400	77.5845	0	130	50	0	-1670587547.32109
2900.30361795425	400	77.525	0	130	50	0	-1670587542.24991
2905.38433408737	400	77.5417	0	130	50	0	-1670587537.1692
2910.46479797363	400	77.5087	0	130	50	0	-1670587532.08873
2915.54585504532	400	77.5138	0	130	50	0	-1670587527.00767
2920.61685800552	400	77.4959	0	130	50	0	-1670587521.93667
2925.68768501282	400	77.4898	0	130	50	0	-1670587516.86585
2930.76913404465	400	77.487	0	130	50	0	-1670587511.7844
2935.83966302872	400	77.4674	0	130	50	0	-1670587506.71387
2940.91057801247	400	77.4751	0	130	50	0	-1670587501.64295
2945.99198913574	400	77.4638	0	130	50	0	-1670587496.56154
2951.07293605804	400	77.4616	0	130	50	0	-1670587491.48059
2956.14379501343	400	77.4531	0	130	50	0	-1670587486.40974
2961.20467090607	400	77.4476	0	130	50	0	-1670587481.34886
2966.27588105202	400	77.4461	0	130	50	0	-1670587476.27765
2971.34724998474	400	77.4393	0	130	50	0	-1670587471.20628
2976.40764403343	400	77.4371	0	130	50	0	-1670587466.14589
2981.47817206383	400	77.4288	0	130	50	0	-1670587461.07536
2986.54989314079	400	77.4244	0	130	50	0	-1670587456.00364
2991.62102603912	400	77.4257	0	130	50	0	-1670587450.9325
2996.7224419117	400	77.4183	0	130	50	0	-1670587445.83109
3001.81559205055	400	77.4255	0	130	50	0	-1670587440.73794
3006.89338707924	400	77.4204	0	130	50	0	-1670587435.66014
3011.97558999062	400	77.4273	0	130	50	0	-1670587430.57794
3017.17527794838	400	77.4227	0	130	50	0	-1670587425.37825
3022.24990105629	400	77.4246	0	130	50	0	-1670587420.30363
3027.31812405586	400	77.4253	0	130	50	0	-1670587415.23541
3032.39888501167	400	77.4272	0	130	50	0	-1670587410.15465
3037.47963309288	400	77.4302	0	130	50	0	-1670587405.0739
3042.55104994774	400	77.4334	0	130	50	0	-1670587400.00248
3047.62345004082	400	77.4334	0	130	50	0	-1670587394.93008
3052.69297790527	400	77.4386	0	130	50	0	-1670587389.86055
3057.76403903961	400	77.4322	0	130	50	0	-1670587384.78949
3062.84473800659	400	77.4401	0	130	50	0	-1670587379.70879
3067.91541314125	400	77.4349	0	130	50	0	-1670587374.63812
3072.99815201759	400	77.4408	0	130	50	0	-1670587369.55538
3078.09268093109	400	77.4482	10	130	50	0	-1670587364.46085
3083.1884059906	400	77.4555	10	130	50	0	-1670587359.36512
3088.2797369957	400	77.4531	10	130	50	0	-1670587354.27379
3093.36575007439	400	77.4579	10	130	50	0	-1670587349.18778
3098.46173906326	400	77.4548	10	130	50	0	-1670587344.09179
3103.54422092438	400	77.4559	10	130	50	0	-1670587339.00931
3108.62467813492	400	77.4564	10	130	50	0	-1670587333.92885
3113.70454311371	400	77.4561	10	130	50	0	-1670587328.84899
3118.77570509911	400	77.4573	10	130	50	0	-1670587323.77782
3123.85971498489	400	77.4524	10	130	50	0	-1670587318.69382
3128.91981506348	400	77.4525	10	130	50	0	-1670587313.63371
3133.99822306633	400	77.4493	10	130	50	0	-1670587308.55531
3139.07979202271	400	77.4743	20	130	50	0	-1670587303.47374
3144.16562390327	400	77.4832	20	130	50	0	-1670587298.38791
3149.25107693672	400	77.4773	20	130	50	0	-1670587293.30245
3154.32234501839	400	77.488	20	130	50	0	-1670587288.23119
3159.41361808777	400	77.4874	20	130	50	0	-1670587283.13991
3164.52412104607	400	77.4958	20	130	50	0	-1670587278.02941
3169.61714100838	400	77.4955	20	130	50	0	-1670587272.93639
3174.70692110062	400	77.4946	20	130	50	0	-1670587267.84661
3179.78703212738	400	77.4984	20	130	50	0	-1670587262.7665
3184.85812401772	400	77.4987	20	130	50	0	-1670587257.69541
3189.93895196915	400	77.4983	20	130	50	0	-1670587252.61458
3195.01438593864	400	77.4973	20	130	50	0	-1670587247.53914
3200.10605812073	400	77.5049	30	130	50	0	-1670587242.44747
3205.18270397186	400	77.5617	30	130	50	0	-1670587237.37083
3210.26556706429	400	77.5623	30	130	50	0	-1670587232.28796
3215.35441803932	400	77.5579	30	130	50	0	-1670587227.19911
3220.4263241291	400	77.5621	30	130	50	0	-1670587222.12721
3225.50700807571	400	77.5536	30	130	50	0	-1670587217.04652
3230.59705400467	400	77.569	30	130	50	0	-1670587211.95648
3235.66825604439	400	77.5428	30	130	50	0	-1670587206.88527
3240.73967790604	400	77.566	30	130	50	0	-1670587201.81385
3245.82053494453	400	77.5504	30	130	50	0	-1670587196.733
3250.89127802849	400	77.561	30	130	50	0	-1670587191.66225
3255.97255706787	400	77.5526	30	130	50	0	-1670587186.58097
3261.04436302185	400	77.5616	30	130	50	0	-1670587181.50917
3266.11491894722	400	77.5546	30	130	50	0	-1670587176.43861
3271.18538713455	400	77.559	40	130	50	0	-1670587171.36814
3276.26613998413	400	77.6367	40	130	50	0	-1670587166.28739
3281.36353111267	400	77.6643	40	130	50	0	-1670587161.19
3286.45849299431	400	77.6577	40	130	50	0	-1670587156.09504
3291.52922701836	400	77.654	40	130	50	0	-1670587151.0243
3296.60033392906	400	77.668	40	130	50	0	-1670587145.9532
3301.67111492157	400	77.6452	40	130	50	0	-1670587140.88242
3306.73205208778	400	77.6571	40	130	50	0	-1670587135.82148
3311.82348203659	400	77.6493	40	130	50	0	-1670587130.73005
3316.92405390739	400	77.6477	40	130	50	0	-1670587125.62948
3322.01544308662	400	77.6507	40	130	50	0	-1670587120.53809
3327.10006713867	400	77.6442	40	130	50	0	-1670587115.45346
3332.17703294754	400	77.6505	40	130	50	0	-1670587110.3765
3337.27064990997	400	77.6476	40	130	50	0	-1670587105.28288
3342.34981393814	400	77.6496	40	130	50	0	-1670587100.20372
3347.43448400497	400	77.7425	50	130	50	0	-1670587095.11905
3352.5317800045	400	77.772	50	130	50	0	-1670587090.02175
3357.61242198944	400	77.7491	50	130	50	0	-1670587084.94111
3362.70537495613	400	77.7655	50	130	50	0	-1670587079.84816
3367.79413890839	400	77.7547	50	130	50	0	-1670587074.75939
3372.86505007744	400	77.7369	50	130	50	0	-1670587069.68848
3377.94608592987	400	77.763	50	130	50	0	-1670587064.60744
3383.03766798973	400	77.7505	50	130	50	0	-1670587059.51586
3388.12192511559	400	77.7691	50	130	50	0	-1670587054.4316
3393.20912408829	400	77.8102	50	130	50	0	-1670587049.34441
3398.28018593788	400	77.8316	50	130	50	0	-1670587044.27334
3403.34112405777	400	77.8488	50	130	50	0	-1670587039.21241
3408.4315969944	400	77.937	50	130	50	0	-1670587034.12193
3413.52369499207	400	78.1676	50	130	50	0	-1670587029.02984
3418.59455990791	400	78.4872	50	130	50	0	-1670587023.95897
3423.67543292046	400	79.493	50	130	50	0	-1670587018.8781
3428.74626302719	400	79.6305	50	130	50	0	-1670587013.80727
3433.81743907928	400	80.7298	50	130	50	0	-1670587008.73609
3438.88839793205	400	80.6071	50	130	50	0	-1670587003.66513
3443.96879911423	400	81.8092	50	130	50	0	-1670586998.58473
3449.04425001144	400	81.1128	50	130	50	0	-1670586993.50928
3454.12075805664	400	82.6963	50	130	50	0	-1670586988.43277
3459.20233011246	400	83.114	50	130	50	0	-1670586983.3512
3464.2735080719	400	83.7118	50	130	50	0	-1670586978.28002
3469.34359002113	400	85.296	50	130	50	0	-1670586973.20994
3474.42490792274	400	83.5118	50	130	50	0	-1670586968.12862
3479.50582695007	400	86.3234	50	130	50	0	-1670586963.0477
3484.58665513992	400	85.32	50	130	50	0	-1670586957.96687
3489.64846611023	400	86.6985	50	130	50	0	-1670586952.90506
3494.73109698296	400	87.2326	50	130	50	0	-1670586947.82243
3499.79991006851	400	86.9136	50	130	50	0	-1670586942.75362
3504.89114713669	400	88.5657	50	130	50	0	-1670586937.66238
3509.96160292625	400	87.7497	50	130	50	0	-1670586932.59193
3515.03307008743	400	87.8425	50	130	50	0	-1670586927.52046
3520.11631393433	400	88.9667	50	130	50	0	-1670586922.43722
3525.20489501953	400	88.7472	50	130	50	0	-1670586917.34864
3530.28563404083	400	90.463	50	130	50	0	-1670586912.2679
3535.3570599556	400	89.3893	50	130	50	0	-1670586907.19647
3540.46526908875	400	91.3693	50	130	50	0	-1670586902.08826
3545.55980205536	400	90.0699	50	130	50	0	-1670586896.99373
3550.6422419548	400	92.2322	50	130	50	0	-1670586891.91129
3555.71031594276	400	90.7773	50	130	50	0	-1670586886.84321
3560.78286504745	400	93.2168	50	130	50	0	-1670586881.77066
3565.84353208542	400	92.5322	50	130	50	0	-1670586876.71
3570.91433691978	400	92.2698	50	130	50	0	-1670586871.63919
3575.98449110985	400	93.979	50	130	50	0	-1670586866.56904
3581.09122300148	400	92.5419	50	130	50	0	-1670586861.46231
3586.20667505264	400	94.2901	50	130	50	0	-1670586856.34685
3591.29721212387	400	93.6171	50	130	50	0	-1670586851.25632
3596.38903093338	400	94.3489	50	130	50	0	-1670586846.1645
3601.46053409576	400	94.6114	50	130	50	0	-1670586841.093
3606.53051900864	400	94.8314	50	130	50	0	-1670586836.02301
3611.60140109062	400	95.7888	50	130	50	0	-1670586830.95213
3616.68328213692	400	96.4105	50	130	50	0	-1670586825.87025
3621.75388097763	400	96.302	50	130	50	0	-1670586820.79965
3626.83480191231	400	97.3249	50	130	50	0	-1670586815.71873
3631.9064180851	400	96.8324	50	130	50	0	-1670586810.64711
3636.98646712303	400	98.0781	50	130	50	0	-1670586805.56706
3642.06751704216	400	97.1026	50	130	50	0	-1670586800.48601
3647.15554499626	400	98.6695	50	130	50	0	-1670586795.39799
3652.2727189064	400	98.2393	50	130	50	0	-1670586790.28081
3657.34025001526	400	98.8802	50	130	50	0	-1670586785.21328
3662.42187690735	400	98.7957	50	130	50	0	-1670586780.13165
3667.50775408745	400	99.4394	50	130	50	0	-1670586775.04578
3672.61374092102	400	99.1829	50	130	50	0	-1670586769.93979
3677.70498895645	400	100.29	50	130	50	0	-1670586764.84854
3682.80205392838	400	99.8526	50	130	50	0	-1670586759.75148
3687.87635111809	400	100.559	50	130	50	0	-1670586754.67718
3692.94774913788	400	100.006	50	130	50	0	-1670586749.60578
3698.03870201111	400	101.403	50	130	50	0	-1670586744.51483
3703.11974000931	400	100.691	50	130	50	0	-1670586739.43379
3708.20071196556	400	101.79	50	130	50	0	-1670586734.35282
3713.29175400734	400	101.733	50	130	50	0	-1670586729.26178
3718.37284708023	400	101.961	50	130	50	0	-1670586724.18068
3723.46444702148	400	102.649	50	130	50	0	-1670586719.08908
3728.55472302437	400	101.942	50	130	50	0	-1670586713.99881
3733.63559103012	400	103.457	50	130	50	0	-1670586708.91794
3738.73687911034	400	102.886	50	130	50	0	-1670586703.81665
3743.82803106308	400	103.175	50	130	50	0	-1670586698.7255
3748.92445111275	400	104	50	130	50	0	-1670586693.62908
3754.02701997757	400	103.216	50	130	50	0	-1670586688.52651
3759.11890697479	400	104.633	50	130	50	0	-1670586683.43462
3764.22181010246	400	104.384	50	130	50	0	-1670586678.33172
3769.32276391983	400	104.528	50	130	50	0	-1670586673.23077
3774.41405510902	400	105.606	50	130	50	0	-1670586668.13947
3779.48432207108	400	105.479	50	130	50	0	-1670586663.06921
3784.57021808624	400	106.077	50	130	50	0	-1670586657.98331
3789.6477200985	400	105.457	50	130	50	0	-1670586652.90581
3794.72891306877	400	106.688	50	130	50	0	-1670586647.82462
3799.79857707024	400	106.172	50	130	50	0	-1670586642.75495
3804.86966896057	400	106.488	50	130	50	0	-1670586637.68386
3809.94082593918	400	107.091	50	130	50	0	-1670586632.6127
3815.01167702675	400	106.531	50	130	50	0	-1670586627.54185
3820.08219194412	400	107.637	50	130	50	0	-1670586622.47134
3825.15485692024	400	106.958	50	130	50	0	-1670586617.39867
3830.23393297195	400	108.187	50	130	50	0	-1670586612.3196
3835.31707310677	400	107.932	50	130	50	0	-1670586607.23646
3840.38718605042	400	108.252	50	130	50	0	-1670586602.16634
3845.48733901978	400	108.613	50	130	50	0	-1670586597.06619
3850.56861805916	400	108.617	50	130	50	0	-1670586591.98491
3855.6624789238	400	109.01	50	130	50	0	-1670586586.89105
3860.73706102371	400	109.053	50	130	50	0	-1670586581.81647
3865.82138895988	400	109.549	50	130	50	0	-1670586576.73214
3870.90505003929	400	109.384	50	130	50	0	-1670586571.64848
3875.97403311729	400	110.239	50	130	50	0	-1670586566.5795
3881.04443907738	400	109.69	50	130	50	0	-1670586561.50909
3886.11538910866	400	110.726	50	130	50	0	-1670586556.43814
3891.18619012833	400	110.48	50	130	50	0	-1670586551.36734
3896.26696801186	400	110.841	50	130	50	0	-1670586546.28656
3901.33814692497	400	110.802	50	130	50	0	-1670586541.21538
3906.42914199829	400	111.676	50	130	50	0	-1670586536.12439
3911.51041007042	400	111.618	50	130	50	0	-1670586531.04312
3916.58061003685	400	111.949	50	130	50	0	-1670586525.97292
3921.66484808922	400	112.319	50	130	50	0	-1670586520.88868
3926.76356291771	400	111.825	50	130	50	0	-1670586515.78997
3931.84853601456	400	112.851	50	130	50	0	-1670586510.70499
3936.92595505714	400	112.691	50	130	50	0	-1670586505.62757
3942.0163860321	400	112.695	50	130	50	0	-1670586500.53714
3947.08709812164	400	113.43	50	130	50	0	-1670586495.46643
3952.14763593674	400	112.974	50	130	50	0	-1670586490.40589
3957.21943998337	400	113.419	50	130	50	0	-1670586485.33409
3962.29237699509	400	113.643	50	130	50	0	-1670586480.26115
3967.42671203613	400	114.181	50	130	50	0	-1670586475.12682
3972.52153205872	400	113.541	50	130	50	0	-1670586470.032
3977.59281492233	400	114.455	50	130	50	0	-1670586464.96072
3982.67445492744	400	114.044	50	130	50	0	-1670586459.87908
3987.74504113197	400	114.888	50	130	50	0	-1670586454.80849
3992.82625794411	400	114.762	50	130	50	0	-1670586449.72727
3997.88816213608	400	114.94	50	130	50	0	-1670586444.66537
4002.95762610435	400	115.522	50	130	50	0	-1670586439.5959
4008.0427839756	400	115.001	50	130	50	0	-1670586434.51075
4013.12049007416	400	115.852	50	130	50	0	-1670586429.43304
4018.19146895409	400	115.58	50	130	50	0	-1670586424.36206
4023.29424190521	400	115.998	50	130	50	0	-1670586419.25929
4028.38273596764	400	116.418	50	130	50	0	-1670586414.17079
4033.56364893913	400	116.579	50	130	50	0	-1670586408.98988
4038.67500495911	400	116.49	50	130	50	0	-1670586403.87853
4043.78576111794	400	117.044	50	130	50	0	-1670586398.76777
4048.88120007515	400	116.807	50	130	50	0	-1670586393.67233
4053.98789095879	400	117.329	50	130	50	0	-1670586388.56564
4059.06017708778	400	116.837	50	130	50	0	-1670586383.49335
4064.13965702057	400	117.66	50	130	50	0	-1670586378.41387
4069.230946064	400	117.325	50	130	50	0	-1670586373.32258
4074.30257797241	400	118.186	50	130	50	0	-1670586368.25095
4079.38710999489	400	117.821	50	130	50	0	-1670586363.16642
4084.47362112999	400	118.473	50	130	50	0	-1670586358.07991
4089.5653231144	400	118.113	50	130	50	0	-1670586352.98821
4094.64631700516	400	118.881	50	130	50	0	-1670586347.90721
4099.70702290535	400	118.708	50	130	50	0	-1670586342.84651
4104.78725409508	400	118.961	50	130	50	0	-1670586337.76628
4109.86888098717	400	119.474	50	130	50	0	-1670586332.68465
4114.93970799446	400	118.948	50	130	50	0	-1670586327.61382
4120.01097607613	400	119.635	50	130	50	0	-1670586322.54255
4125.10774612427	400	119.034	50	130	50	0	-1670586317.44578
4130.22284603119	400	119.983	50	130	50	0	-1670586312.33068
4135.29363703728	400	119.491	50	130	50	0	-1670586307.25989
4140.37445211411	400	120.111	50	130	50	0	-1670586302.17908
4145.46678304672	400	120.185	50	130	50	0	-1670586297.08675
4150.5365960598	400	120.44	50	130	50	0	-1670586292.01693
4155.60745310783	400	120.743	50	130	50	0	-1670586286.94608
4160.68857812881	400	120.677	50	130	50	0	-1670586281.86495
4165.75932812691	400	121.206	50	130	50	0	-1670586276.7942
4170.8305580616	400	120.622	50	130	50	0	-1670586271.72297
4175.89150500298	400	121.405	50	130	50	0	-1670586266.66203
4180.96333503723	400	121.079	50	130	50	0	-1670586261.59019
4186.04392004013	400	121.511	50	130	50	0	-1670586256.50961
4191.13979005814	400	121.691	50	130	50	0	-1670586251.41374
4196.20601701736	400	121.739	50	130	50	0	-1670586246.34751
4201.29724407196	400	121.733	50	130	50	0	-1670586241.25629
4206.37795209885	400	122.111	50	130	50	0	-1670586236.17558
4211.44120812416	400	122.291	50	130	50	0	-1670586231.11232
4216.53384709358	400	122.511	50	130	50	0	-1670586226.01968
4221.60018110275	400	122.713	50	130	50	0	-1670586220.95335
4226.6880030632	400	122.548	50	130	50	0	-1670586215.86553
4231.783203125	400	123.144	50	130	50	0	-1670586210.77033
4236.86398100853	400	122.647	50	130	50	0	-1670586205.68955
4241.9449031353	400	123.428	50	130	50	0	-1670586200.60863
4247.01590800285	400	123.053	50	130	50	0	-1670586195.53762
4252.09923911095	400	123.639	50	130	50	0	-1670586190.45429
4257.18780303001	400	123.54	50	130	50	0	-1670586185.36573
4262.29843401909	400	123.888	50	130	50	0	-1670586180.2551
4267.39367699623	400	123.938	50	130	50	0	-1670586175.15985
4272.47110700607	400	124.453	50	130	50	0	-1670586170.08242
4277.55291891098	400	123.955	50	130	50	0	-1670586165.00061
4282.62283611298	400	124.616	50	130	50	0	-1670586159.93069
4287.71397709847	400	124.677	50	130	50	0	-1670586154.83955
4292.79790210724	400	124.307	50	130	50	0	-1670586149.75563
4297.88663005829	400	125.083	50	130	50	0	-1670586144.6669
4302.96626091003	400	124.713	50	130	50	0	-1670586139.58727
4308.03746008873	400	125.407	50	130	50	0	-1670586134.51607
4313.11835098267	400	124.996	50	130	50	0	-1670586129.43518
4318.19994306564	400	125.74	50	130	50	0	-1670586124.35359
4323.28084111214	400	125.407	50	130	50	0	-1670586119.27269
4328.35303807259	400	125.787	50	130	50	0	-1670586114.20049
4333.44238901138	400	125.768	50	130	50	0	-1670586109.11114
4338.51339101791	400	125.882	50	130	50	0	-1670586104.04014
4343.6048181057	400	126.471	50	130	50	0	-1670586098.94871
4348.67494797707	400	125.904	50	130	50	0	-1670586093.87858
4353.74655199051	400	126.605	50	130	50	0	-1670586088.80698
4358.8271150589	400	126.481	50	130	50	0	-1670586083.72641
4363.8989109993	400	126.839	50	130	50	0	-1670586078.65462
4368.99078011513	400	126.698	50	130	50	0	-1670586073.56275
4374.09091210365	400	127.206	50	130	50	0	-1670586068.46262
4379.17694807053	400	126.917	50	130	50	0	-1670586063.37658
4384.26174712181	400	127.191	50	130	50	0	-1670586058.29178
4389.35804700851	400	127.491	50	130	50	0	-1670586053.19548
4394.44504594803	400	127.894	50	130	50	0	-1670586048.10848
4399.5197019577	400	127.103	50	130	50	0	-1670586043.03383
4404.65644812584	400	127.97	50	130	50	0	-1670586037.89708
4409.72730302811	400	128.272	50	130	50	0	-1670586032.82623
4414.82110595703	400	127.724	50	130	50	0	-1670586027.73242
4419.91408610344	400	128.484	50	130	50	0	-1670586022.63944
4424.99044704437	400	128.333	50	130	50	0	-1670586017.56308
4430.07066607475	400	128.507	50	130	50	0	-1670586012.48286
4435.13182711601	400	128.645	50	130	50	0	-1670586007.4217
4440.21371197701	400	128.637	50	130	50	0	-1670586002.33982
4445.29429006577	400	128.758	50	130	50	0	-1670585997.25924
4450.36527991295	400	128.981	50	130	50	0	-1670585992.18825
4455.44089913368	400	129.485	50	130	50	0	-1670585987.11263
4460.52666401863	400	128.821	50	130	50	0	-1670585982.02687
4465.5898399353	400	129.582	50	130	50	0	-1670585976.96369
4470.65940403938	400	129.039	50	130	50	0	-1670585971.89413
4475.72973608971	400	129.582	50	130	50	0	-1670585966.82379
4480.80114603043	400	129.909	50	130	50	0	-1670585961.75238
4485.87830710411	400	129.302	50	130	50	0	-1670585956.67522
4490.9694070816	400	129.5	50	130	50	0	-1670585951.58412
4496.05454206467	400	130.12	50	130	50	0	-1670585946.49899
4501.15529108047	400	129.947	50	130	50	0	-1670585941.39824
4506.22750806808	400	130.156	50	130	50	0	-1670585936.32602
4511.30700302124	400	130.727	50	130	50	0	-1670585931.24653
4516.3781080246	400	130.109	50	130	50	0	-1670585926.17542
4521.45912909508	400	130.869	50	130	50	0	-1670585921.0944
4526.52984499931	400	130.34	50	130	50	0	-1670585916.02369
4531.61355495453	400	131.083	50	130	50	0	-1670585910.93998
4536.69244194031	400	130.56	50	130	50	0	-1670585905.86109
4541.77257704735	400	131.243	50	130	50	0	-1670585900.78095
4546.86355495453	400	131.406	50	130	50	0	-1670585895.68998
4551.94464302063	400	131.143	50	130	50	0	-1670585890.60889
4557.0164129734	400	131.823	50	130	50	0	-1670585885.53712
4562.09994912148	400	131.408	50	130	50	0	-1670585880.45358
4567.16796207428	400	131.777	50	130	50	0	-1670585875.38557
4572.23888301849	400	131.834	50	130	50	0	-1670585870.31465
4577.31022500992	400	131.742	50	130	50	0	-1670585865.24331
4582.38110208511	400	132.198	50	130	50	0	-1670585860.17243
4587.44141101837	400	131.882	50	130	50	0	-1670585855.11212
4592.51307892799	400	132.512	50	130	50	0	-1670585850.04045
4597.58397698402	400	131.912	50	130	50	0	-1670585844.96955
4602.66449594498	400	132.119	50	130	50	0	-1670585839.88903
4607.73541593552	400	132.519	50	130	50	0	-1670585834.81811
4612.82702112198	400	132.186	50	130	50	0	-1670585829.72651
4617.90763998032	400	132.9	50	130	50	0	-1670585824.64589
4622.97915506363	400	132.64	50	130	50	0	-1670585819.57437
4628.05185508728	400	132.878	50	130	50	0	-1670585814.50167
4633.1324660778	400	133.152	50	130	50	0	-1670585809.42106
4638.212018013	400	132.802	50	130	50	0	-1670585804.34151
4643.28300499916	400	133.512	50	130	50	0	-1670585799.27053
4648.36383700371	400	132.944	50	130	50	0	-1670585794.18969
4653.43466305733	400	133.61	50	130	50	0	-1670585789.11887
4658.53608798981	400	133.702	50	130	50	0	-1670585784.01744
4663.67796111107	400	133.633	50	130	50	0	-1670585778.87557
4668.73720693588	400	134.027	134.027	50	--	--	-1670585773.81632
4673.82923793793	400	133.617	50	130	50	0	-1670585768.72429
4678.9102370739	400	134.1	50	130	50	0	-1670585763.64329
4683.98019003868	400	134.062	50	130	50	0	-1670585758.57334
4689.06148505211	400	134.458	50	130	50	0	-1670585753.49204
4694.13327312469	400	134.23	50	130	50	0	-1670585748.42026
4699.21883702278	400	134.76	50	130	50	0	-1670585743.33469
4704.34517002106	400	134.406	50	130	50	0	-1670585738.20836
4709.42561793327	400	134.856	50	130	50	0	-1670585733.12791
4714.50636410713	400	134.706	50	130	50	0	-1670585728.04717
4719.57690596581	400	135.224	50	130	50	0	-1670585722.97662
4724.64889192581	400	134.695	50	130	50	0	-1670585717.90464
4729.70977902412	400	135.283	50	130	50	0	-1670585712.84375
4734.79557609558	400	135.266	50	130	50	0	-1670585707.75795
4739.90343308449	400	135.326	50	130	50	0	-1670585702.6501
4744.9838681221	400	135.576	50	130	50	0	-1670585697.56966
4750.05298805237	400	135.328	50	130	50	0	-1670585692.50054
4755.12459897995	400	135.908	50	130	50	0	-1670585687.42893
4760.19563508034	400	135.354	50	130	50	0	-1670585682.35789
4765.28701090813	400	136.055	50	130	50	0	-1670585677.26652
4770.34783005714	400	135.435	50	130	50	0	-1670585672.2057
4775.42816901207	400	136.18	50	130	50	0	-1670585667.12536
4780.50997710228	400	135.754	50	130	50	0	-1670585662.04355
4785.59083008766	400	136.389	50	130	50	0	-1670585656.9627
4790.66080713272	400	136.29	50	130	50	0	-1670585651.89272
4795.74244308472	400	136.753	50	130	50	0	-1670585646.81109
4800.83330798149	400	136.147	50	130	50	0	-1670585641.72022
4805.91465806961	400	136.842	50	130	50	0	-1670585636.63887
4810.9855530262	400	136.802	50	130	50	0	-1670585631.56798
4816.06602811813	400	136.908	50	130	50	0	-1670585626.4875
4821.14781093597	400	137.043	50	130	50	0	-1670585621.40572
4826.24886608124	400	136.846	50	130	50	0	-1670585616.30466
4831.33125305176	400	137.378	50	130	50	0	-1670585611.22228
4836.41156697273	400	136.992	50	130	50	0	-1670585606.14196
4841.49422502518	400	137.628	50	130	50	0	-1670585601.05931
4846.56236195564	400	137.129	50	130	50	0	-1670585595.99117
4851.63299107552	400	137.769	50	130	50	0	-1670585590.92054
4856.70451593399	400	137.407	50	130	50	0	-1670585585.84901
4861.78574299812	400	137.773	50	130	50	0	-1670585580.76779
4866.86617207527	400	137.723	50	130	50	0	-1670585575.68736
4871.94707393646	400	138.03	50	130	50	0	-1670585570.60646
4877.0286090374	400	138.157	50	130	50	0	-1670585565.52492
4882.10505509377	400	138.081	50	130	50	0	-1670585560.44847
4887.19088292122	400	138.336	50	130	50	0	-1670585555.36265
4892.26110291481	400	138.34	50	130	50	0	-1670585550.29243
4897.35195994377	400	138.546	50	130	50	0	-1670585545.20157
4902.42321300507	400	138.403	50	130	50	0	-1670585540.13032
4907.50385808945	400	138.812	50	130	50	0	-1670585535.04967
4912.59558010101	400	138.225	50	130	50	0	-1670585529.95795
4917.65663790703	400	138.95	50	130	50	0	-1670585524.89689
4922.74236702919	400	138.701	50	130	50	0	-1670585519.81116
4927.83866405487	400	138.776	50	130	50	0	-1670585514.71487
4932.9189260006	400	139.11	50	130	50	0	-1670585509.6346
4937.99045705795	400	138.943	50	130	50	0	-1670585504.56307
4943.06100201607	400	139.378	50	130	50	0	-1670585499.49253
4948.14243412018	400	138.877	50	130	50	0	-1670585494.4111
4953.21312499046	400	139.553	50	130	50	0	-1670585489.34041
4958.29391407967	400	138.97	50	130	50	0	-1670585484.25962
4963.35480713844	400	139.652	50	130	50	0	-1670585479.19872
4968.44828701019	400	139.428	50	130	50	0	-1670585474.10524
4973.51677799225	400	139.683	50	130	50	0	-1670585469.03675
4978.59856390953	400	140.023	50	130	50	0	-1670585463.95497
4983.65892100334	400	139.66	50	130	50	0	-1670585458.89461
4988.76016712189	400	140.243	50	130	50	0	-1670585453.79336
4993.87579703331	400	140.232	50	130	50	0	-1670585448.67773
4998.98508000374	400	140.565	50	130	50	0	-1670585443.56845
5004.11711096764	400	140.245	50	130	50	0	-1670585438.43642
5009.21713900566	400	140.742	50	130	50	0	-1670585433.33639
5014.31716990471	400	140.423	50	130	50	0	-1670585428.23636
5019.41719794273	400	140.913	50	130	50	0	-1670585423.13633
5024.50222706795	400	140.461	50	130	50	0	-1670585418.0513
5029.59825706482	400	140.922	50	130	50	0	-1670585412.95527
5034.66928195953	400	140.796	50	130	50	0	-1670585407.88425
5039.77431201935	400	140.762	50	130	50	0	-1670585402.77922
5044.8613409996	400	141.263	50	130	50	0	-1670585397.69219
5049.97141003609	400	140.647	50	130	50	0	-1670585392.58212
5055.05939912796	400	141.126	50	130	50	0	-1670585387.49413
5060.13579201698	400	141.043	50	130	50	0	-1670585382.41774
5065.22595310211	400	141.459	50	130	50	0	-1670585377.32758
5070.29584312439	400	141.038	50	130	50	0	-1670585372.25769
5075.37632203102	400	141.626	50	130	50	0	-1670585367.17721
5080.44825100899	400	141.353	50	130	50	0	-1670585362.10528
5085.51905894279	400	141.593	50	130	50	0	-1670585357.03447
5090.60201096535	400	141.915	50	130	50	0	-1670585351.95152
5095.70027899742	400	141.513	50	130	50	0	-1670585346.85325
5100.78225302696	400	142.118	50	130	50	0	-1670585341.77128
5105.88493800163	400	141.712	50	130	50	0	-1670585336.66859
5111.00381994247	400	142.023	50	130	50	0	-1670585331.54971
5116.08501005173	400	142.165	50	130	50	0	-1670585326.46852
5121.16598510742	400	142.32	50	130	50	0	-1670585321.38754
5126.27721595764	400	142.485	50	130	50	0	-1670585316.27631
5131.35264110565	400	142.139	50	130	50	0	-1670585311.20089
5136.43868899345	400	142.715	50	130	50	0	-1670585306.11484
5141.51980113983	400	142.061	50	130	50	0	-1670585301.03373
5146.59067893028	400	142.703	50	130	50	0	-1670585295.96285
5151.6813659668	400	142.492	50	130	50	0	-1670585290.87216
5156.75277900696	400	142.775	50	130	50	0	-1670585285.80075
5161.81368207932	400	142.522	50	130	50	0	-1670585280.73985
5166.88517093658	400	143.069	50	130	50	0	-1670585275.66836
5171.95652604103	400	142.72	50	130	50	0	-1670585270.597
5177.02643704414	400	142.731	50	130	50	0	-1670585265.52709
5182.10807704926	400	143.149	50	130	50	0	-1670585260.44545
5187.17853307724	400	142.756	50	130	50	0	-1670585255.375
5192.2608101368	400	143.373	50	130	50	0	-1670585250.29272
5197.35037899017	400	143.14	50	130	50	0	-1670585245.20315
5202.42309212685	400	143.542	50	130	50	0	-1670585240.13044
5207.51268696785	400	143.404	50	130	50	0	-1670585235.04084
5212.58337306976	400	143.663	50	130	50	0	-1670585229.97016
5217.66400003433	400	143.758	50	130	50	0	-1670585224.88953
5222.74497294426	400	143.864	50	130	50	0	-1670585219.80856
5227.82641601563	400	143.837	50	130	50	0	-1670585214.72711
5232.89712095261	400	144.041	50	130	50	0	-1670585209.65641
5237.98869204521	400	144.242	50	130	50	0	-1670585204.56484
5243.06013703346	400	143.945	50	130	50	0	-1670585199.49339
5248.13025712967	400	144.456	50	130	50	0	-1670585194.42327
5253.19315695763	400	144.568	50	130	50	0	-1670585189.36037
5258.2729780674	400	144.307	50	130	50	0	-1670585184.28055
5263.34523797035	400	144.674	50	130	50	0	-1670585179.20829
5268.4139289856	400	144.406	50	130	50	0	-1670585174.1396
5273.48358893394	400	144.924	50	130	50	0	-1670585169.06994
5278.56594800949	400	144.531	50	130	50	0	-1670585163.98758
5283.64769697189	400	145.013	50	130	50	0	-1670585158.90583
5288.73439908028	400	144.587	50	130	50	0	-1670585153.81913
5293.83972907066	400	145.118	50	130	50	0	-1670585148.7138
5298.93169808388	400	145.221	50	130	50	0	-1670585143.62183
5304.00164103508	400	144.916	50	130	50	0	-1670585138.55189
5309.07274913788	400	145.475	50	130	50	0	-1670585133.48078
5314.15324091911	400	144.918	50	130	50	0	-1670585128.40029
5319.23396110535	400	145.499	50	130	50	0	-1670585123.31957
5324.30457401276	400	145.574	50	130	50	0	-1670585118.24896
5329.38601899147	400	145.472	50	130	50	0	-1670585113.16751
5334.45664405823	400	145.841	50	130	50	0	-1670585108.09689
5339.52836298943	400	145.428	50	130	50	0	-1670585103.02517
5344.59904813766	400	145.989	50	130	50	0	-1670585097.95448
5349.67989492416	400	145.94	50	130	50	0	-1670585092.87364
5354.76099395752	400	146.204	50	130	50	0	-1670585087.79254
5359.8416659832	400	145.726	50	130	50	0	-1670585082.71186
5364.92369413376	400	146.217	50	130	50	0	-1670585077.62984
5370.02518296242	400	146.067	50	130	50	0	-1670585072.52835
5375.10468101501	400	146.318	50	130	50	0	-1670585067.44885
5380.19159793854	400	146.126	50	130	50	0	-1670585062.36193
5385.30218100548	400	146.366	50	130	50	0	-1670585057.25135
5390.39825510979	400	146.491	50	130	50	0	-1670585052.15527
5395.4691529274	400	146.313	50	130	50	0	-1670585047.08438
5400.54017591476	400	146.631	50	130	50	0	-1670585042.01335
5405.64666509628	400	146.367	50	130	50	0	-1670585036.90686
5410.75218510628	400	146.737	50	130	50	0	-1670585031.80134
5415.81349802017	400	146.489	50	130	50	0	-1670585026.74003
5420.88352608681	400	146.961	50	130	50	0	-1670585021.67
5425.96489310265	400	146.677	50	130	50	0	-1670585016.58864
5431.03577804565	400	147.107	50	130	50	0	-1670585011.51775
5436.10698199272	400	146.736	50	130	50	0	-1670585006.44655
5441.18740606308	400	147.088	50	130	50	0	-1670585001.36612
5446.27090191841	400	146.975	50	130	50	0	-1670584996.28263
5451.33979392052	400	147.276	50	130	50	0	-1670584991.21374
5456.40066313744	400	147.213	50	130	50	0	-1670584986.15287
5461.48157811165	400	147.256	50	130	50	0	-1670584981.07195
5466.5626039505	400	147.601	50	130	50	0	-1670584975.99093
5471.66394209862	400	147.42	50	130	50	0	-1670584970.88959
5476.76503109932	400	147.794	50	130	50	0	-1670584965.7885
5481.83523511887	400	147.649	50	130	50	0	-1670584960.71829
5486.90683197975	400	147.922	50	130	50	0	-1670584955.6467
5491.98973298073	400	147.874	50	130	50	0	-1670584950.5638
5497.06856203079	400	147.797	50	130	50	0	-1670584945.48497
5502.13955307007	400	147.981	50	130	50	0	-1670584940.41398
5507.21648812294	400	148.165	50	130	50	0	-1670584935.33704
5512.29185009003	400	148.11	50	130	50	0	-1670584930.26168
5517.37202095985	400	148.451	50	130	50	0	-1670584925.18151
5522.44361805916	400	148.487	50	130	50	0	-1670584920.10991
5527.51512098312	400	148.687	50	130	50	0	-1670584915.03841
5532.59576010704	400	148.54	50	130	50	0	-1670584909.95777
5537.67840194702	400	148.829	50	130	50	0	-1670584904.87513
5542.74797296524	400	148.788	50	130	50	0	-1670584899.80556
5547.83891010284	400	148.836	50	130	50	0	-1670584894.71462
5552.91548395157	400	149.055	50	130	50	0	-1670584889.63805
5558.0029771328	400	149.046	50	130	50	0	-1670584884.55055
5563.08188700676	400	149.406	50	130	50	0	-1670584879.47164
5568.15308499336	400	149.005	50	130	50	0	-1670584874.40045
5573.22414302826	400	149.428	50	130	50	0	-1670584869.32939
5578.29490303993	400	149.251	50	130	50	0	-1670584864.25863
5583.37561011314	400	149.553	50	130	50	0	-1670584859.17792
5588.44716191292	400	149.334	50	130	50	0	-1670584854.10637
5593.51794910431	400	149.704	50	130	50	0	-1670584849.03558
5598.58889913559	400	149.5	50	130	50	0	-1670584843.96463
5603.6589179039	400	149.737	50	130	50	0	-1670584838.89461
5608.72038602829	400	149.971	50	130	50	0	-1670584833.83314
5613.80171298981	400	149.736	50	130	50	0	-1670584828.75182
5618.89283704758	400	150.138	50	130	50	0	-1670584823.66069
5623.96400499344	400	149.876	50	130	50	0	-1670584818.58953
5629.04464101791	400	150.246	50	130	50	0	-1670584813.50889
5634.11536598206	400	150.002	50	130	50	0	-1670584808.43816
5639.19642305374	400	150.162	50	130	50	0	-1670584803.35711
5644.29751896858	400	150.228	50	130	50	0	-1670584798.25601
5649.37926411629	400	150.565	50	130	50	0	-1670584793.17427
5654.46001696587	400	150.112	50	130	50	0	-1670584788.09351
5659.53032207489	400	150.634	50	130	50	0	-1670584783.02321
5664.61163592339	400	150.609	50	130	50	0	-1670584777.94189
5669.69266891479	400	150.589	50	130	50	0	-1670584772.86086
5674.75293898582	400	150.867	50	130	50	0	-1670584767.80059
5679.8136920929	400	150.77	50	130	50	0	-1670584762.73984
5684.87593793869	400	151.134	50	130	50	0	-1670584757.67759
5689.9566450119	400	150.941	50	130	50	0	-1670584752.59689
5695.02669000626	400	151.295	50	130	50	0	-1670584747.52684
5700.10782599449	400	151.407	50	130	50	0	-1670584742.4457
5705.18976712227	400	151.313	50	130	50	0	-1670584737.36376
5710.27113103867	400	151.59	50	130	50	0	-1670584732.2824
5715.35184597969	400	151.266	50	130	50	0	-1670584727.20168
5720.42168307304	400	151.682	50	130	50	0	-1670584722.13185
5725.50350904465	400	151.698	50	130	50	0	-1670584717.05002
5730.5738260746	400	151.549	50	130	50	0	-1670584711.9797
5735.68562912941	400	151.969	50	130	50	0	-1670584706.8679
5740.7705309391	400	151.686	50	130	50	0	-1670584701.783
5745.87214493752	400	151.997	50	130	50	0	-1670584696.68139
5750.93755412102	400	151.816	50	130	50	0	-1670584691.61598
5756.01942896843	400	151.879	50	130	50	0	-1670584686.5341
5761.08976197243	400	152.147	50	130	50	0	-1670584681.46377
5766.17116808891	400	151.918	50	130	50	0	-1670584676.38236
5771.26260590553	400	152.214	50	130	50	0	-1670584671.29092
5776.32354807854	400	152.241	50	130	50	0	-1670584666.22998
5781.4043841362	400	152.387	50	130	50	0	-1670584661.14915
5786.50532793999	400	152.261	50	130	50	0	-1670584656.0482
5791.59644412994	400	152.563	50	130	50	0	-1670584650.95709
5796.66739702225	400	152.354	50	130	50	0	-1670584645.88613
5801.74431395531	400	152.646	50	130	50	0	-1670584640.80922
5806.80957794189	400	152.523	50	130	50	0	-1670584635.74395
5811.89055299759	400	152.83	50	130	50	0	-1670584630.66298
5816.97134304047	400	152.613	50	130	50	0	-1670584625.58219
5822.04236912727	400	152.992	50	130	50	0	-1670584620.51116
5827.12324690819	400	152.898	50	130	50	0	-1670584615.43028
5832.20456004143	400	153.068	50	130	50	0	-1670584610.34897
5837.27544093132	400	153.102	50	130	50	0	-1670584605.27809
5842.36605405808	400	153.243	50	130	50	0	-1670584600.18748
5847.43717694283	400	153.383	50	130	50	0	-1670584595.11635
5852.50812506676	400	153.258	50	130	50	0	-1670584590.0454
5857.59892201424	400	153.554	50	130	50	0	-1670584584.95461
5862.66991305351	400	153.427	50	130	50	0	-1670584579.88362
5867.76118803024	400	153.618	50	130	50	0	-1670584574.79234
5872.83233499527	400	153.684	50	130	50	0	-1670584569.7212
5877.91277503967	400	153.645	50	130	50	0	-1670584564.64075
5882.99410510063	400	153.806	50	130	50	0	-1670584559.55942
5888.07521700859	400	153.791	50	130	50	0	-1670584554.47831
5893.13779306412	400	153.916	50	130	50	0	-1670584549.41574
5898.22658491135	400	153.785	50	130	50	0	-1670584544.32695
5903.30817198753	400	154.092	50	130	50	0	-1670584539.24536
5908.37864303589	400	153.952	50	130	50	0	-1670584534.17489
5913.44976210594	400	154.126	50	130	50	0	-1670584529.10377
5918.53109693527	400	154.029	50	130	50	0	-1670584524.02243
5923.62124991417	400	154.33	50	130	50	0	-1670584518.93228
5928.69275307655	400	154.171	50	130	50	0	-1670584513.86078
5933.75404906273	400	154.512	50	130	50	0	-1670584508.79948
5938.83451509476	400	154.337	50	130	50	0	-1670584503.71901
5943.90588307381	400	154.61	50	130	50	0	-1670584498.64765
5948.97702598572	400	154.52	50	130	50	0	-1670584493.5765
5954.04738402367	400	154.708	50	130	50	0	-1670584488.50615
5959.12875008583	400	154.543	50	130	50	0	-1670584483.42478
5964.20977210999	400	154.891	50	130	50	0	-1670584478.34376
5969.28086304665	400	154.754	50	130	50	0	-1670584473.27267
5974.35226297379	400	155.064	50	130	50	0	-1670584468.20127
5979.43275094032	400	154.825	50	130	50	0	-1670584463.12078
5984.51302504539	400	155.116	50	130	50	0	-1670584458.0405
5989.59461593628	400	155.15	50	130	50	0	-1670584452.95891
5994.67535710335	400	155.097	50	130	50	0	-1670584447.87817
5999.73586010933	400	155.359	50	130	50	0	-1670584442.81767
6004.80778002739	400	155.184	50	130	50	0	-1670584437.74575
6009.88808894157	400	155.55	50	130	50	0	-1670584432.66544
6014.95899796486	400	155.241	50	130	50	0	-1670584427.59453
6020.02060294151	400	155.455	50	130	50	0	-1670584422.53293
6025.09098100662	400	155.667	50	130	50	0	-1670584417.46255
6030.17173314095	400	155.436	50	130	50	0	-1670584412.3818
6035.24261403084	400	155.635	50	130	50	0	-1670584407.31092
6040.31451296806	400	155.631	50	130	50	0	-1670584402.23902
6045.38483500481	400	155.802	50	130	50	0	-1670584397.1687
6050.45649194717	400	155.78	50	130	50	0	-1670584392.09704
6055.53775310516	400	155.777	50	130	50	0	-1670584387.01578
6060.61824297905	400	155.962	50	130	50	0	-1670584381.93529
6065.69959592819	400	155.934	50	130	50	0	-1670584376.85393
6070.7604060173	400	156.082	50	130	50	0	-1670584371.79312
6075.84302401543	400	156.194	50	130	50	0	-1670584366.71051
6080.93228602409	400	156.188	50	130	50	0	-1670584361.62124
6086.01273798943	400	156.105	50	130	50	0	-1670584356.54079
6091.09397101402	400	156.349	50	130	50	0	-1670584351.45956
6096.15558695793	400	156.264	50	130	50	0	-1670584346.39794
6101.23603892326	400	156.637	50	130	50	0	-1670584341.31749
6106.32374095917	400	156.454	50	130	50	0	-1670584336.22979
6111.39768695831	400	156.696	50	130	50	0	-1670584331.15584
6116.45833706856	400	156.772	50	130	50	0	-1670584326.09519
6121.53997898102	400	156.696	50	130	50	0	-1670584321.01355
6126.62056994438	400	156.868	50	130	50	0	-1670584315.93296
6131.69234204292	400	156.824	50	130	50	0	-1670584310.86119
6136.75220894814	400	157.062	50	130	50	0	-1670584305.80132
6141.82322192192	400	156.924	50	130	50	0	-1670584300.73031
6146.89439797401	400	157.22	50	130	50	0	-1670584295.65913
6151.95574402809	400	157.051	50	130	50	0	-1670584290.59779
6157.0483250618	400	157.307	50	130	50	0	-1670584285.5052
6162.12772607803	400	157.115	50	130	50	0	-1670584280.4258
6167.19913697243	400	157.382	50	130	50	0	-1670584275.35439
6172.27025294304	400	157.249	50	130	50	0	-1670584270.28328
6177.36067700386	400	157.575	50	130	50	0	-1670584265.19285
6182.43147397041	400	157.398	50	130	50	0	-1670584260.12206
6187.49432396889	400	157.63	50	130	50	0	-1670584255.05921
6192.57369709015	400	157.525	50	130	50	0	-1670584249.97983
6197.64499092102	400	157.817	50	130	50	0	-1670584244.90854
6202.71604013443	400	157.642	50	130	50	0	-1670584239.83749
6207.79697608948	400	157.854	50	130	50	0	-1670584234.75655
6212.86770510674	400	157.814	50	130	50	0	-1670584229.68582
6217.95212602615	400	157.967	50	130	50	0	-1670584224.6014
6223.02972412109	400	158.109	50	130	50	0	-1670584219.52381
6228.1008310318	400	157.959	50	130	50	0	-1670584214.4527
6233.17198395729	400	158.237	50	130	50	0	-1670584209.38155
6238.25264596939	400	157.956	50	130	50	0	-1670584204.30088
6243.33348608017	400	158.355	50	130	50	0	-1670584199.22004
6248.40408611298	400	158.189	50	130	50	0	-1670584194.14944
6253.50589895248	400	158.443	50	130	50	0	-1670584189.04763
6258.59564399719	400	158.305	50	130	50	0	-1670584183.95789
6263.66649103165	400	158.401	50	130	50	0	-1670584178.88704
6268.74804997444	400	158.498	50	130	50	0	-1670584173.80548
6273.82987904549	400	158.581	50	130	50	0	-1670584168.72365
6278.89014005661	400	158.526	50	130	50	0	-1670584163.66339
6283.9529709816	400	158.713	50	130	50	0	-1670584158.60056
6289.02956104279	400	158.614	50	130	50	0	-1670584153.52397
6294.10664606094	400	158.876	50	130	50	0	-1670584148.44688
6299.17341899872	400	158.787	50	130	50	0	-1670584143.38011
6304.25522613525	400	158.911	50	130	50	0	-1670584138.2983
6309.33611297607	400	158.919	50	130	50	0	-1670584133.21742
6314.41749811172	400	158.888	50	130	50	0	-1670584128.13603
6319.47796201706	400	159.073	50	130	50	0	-1670584123.07557
6324.54917693138	400	158.98	50	130	50	0	-1670584118.00435
6329.6398370266	400	159.327	50	130	50	0	-1670584112.91369
6334.71133112907	400	159.111	50	130	50	0	-1670584107.8422
6339.78287196159	400	159.322	50	130	50	0	-1670584102.77066
6344.86306190491	400	159.456	50	130	50	0	-1670584097.69047
6349.94503903389	400	159.456	50	130	50	0	-1670584092.60849
6355.02465391159	400	159.324	50	130	50	0	-1670584087.52888
6360.09651994705	400	159.626	50	130	50	0	-1670584082.45701
6365.16740894318	400	159.416	50	130	50	0	-1670584077.38612
6370.23831391335	400	159.747	50	130	50	0	-1670584072.31522
6375.30859494209	400	159.592	50	130	50	0	-1670584067.24494
6380.37091207504	400	159.778	50	130	50	0	-1670584062.18262
6385.4407389164	400	159.725	50	130	50	0	-1670584057.11279
6390.51173901558	400	159.896	50	130	50	0	-1670584052.04179
6395.57214713097	400	159.774	50	130	50	0	-1670584046.98138
6400.65378093719	400	160.083	50	130	50	0	-1670584041.89975
6405.73461914063	400	159.802	50	130	50	0	-1670584036.81891
6410.81556105614	400	160.119	50	130	50	0	-1670584031.73797
6415.87635302544	400	160.064	50	130	50	0	-1670584026.67718
6420.95722103119	400	160.127	50	130	50	0	-1670584021.59631
6426.03796696663	400	160.266	50	130	50	0	-1670584016.51556
6431.10943508148	400	160.219	50	130	50	0	-1670584011.44409
6436.18074202538	400	160.413	50	130	50	0	-1670584006.37279
6441.26214504242	400	160.292	50	130	50	0	-1670584001.29138
6446.3429620266	400	160.416	50	130	50	0	-1670583996.21057
6451.42401003838	400	160.364	50	130	50	0	-1670583991.12952
6456.48389697075	400	160.558	50	130	50	0	-1670583986.06963
6461.54646110535	400	160.418	50	130	50	0	-1670583981.00707
6466.62664604187	400	160.663	50	130	50	0	-1670583975.92688
6471.70755004883	400	160.565	50	130	50	0	-1670583970.84598
6476.77815294266	400	160.84	50	130	50	0	-1670583965.77538
6481.8492500782	400	160.618	50	130	50	0	-1670583960.70428
6486.92058491707	400	160.93	50	130	50	0	-1670583955.63295
6491.99125695229	400	160.73	50	130	50	0	-1670583950.56227
6497.0818169117	400	160.93	50	130	50	0	-1670583945.47171
6502.16377210617	400	161.081	50	130	50	0	-1670583940.38976
6507.23379206657	400	160.86	50	130	50	0	-1670583935.31974
6512.31562900543	400	161.121	50	130	50	0	-1670583930.2379
6517.38691210747	400	161.002	50	130	50	0	-1670583925.16662
6522.4669470787	400	161.249	50	130	50	0	-1670583920.08658
6527.5485329628	400	161.168	50	130	50	0	-1670583915.005
6532.61964607239	400	161.393	50	130	50	0	-1670583909.93388
6537.6806371212	400	161.31	50	130	50	0	-1670583904.87289
6542.74083209038	400	161.23	50	130	50	0	-1670583899.8127
6547.83220505714	400	161.431	50	130	50	0	-1670583894.72132
6552.91388010979	400	161.352	50	130	50	0	-1670583889.63965
6557.98471403122	400	161.436	50	130	50	0	-1670583884.56882
6563.07560896873	400	161.436	50	130	50	0	-1670583879.47792
6568.15692806244	400	161.633	50	130	50	0	-1670583874.3966
6573.22688603401	400	161.465	50	130	50	0	-1670583869.32664
6578.29836297035	400	161.671	50	130	50	0	-1670583864.25517
6583.37940311432	400	161.58	50	130	50	0	-1670583859.17413
6588.45041704178	400	161.72	50	130	50	0	-1670583854.10311
6593.53138613701	400	161.598	50	130	50	0	-1670583849.02214
6598.61131000519	400	161.877	50	130	50	0	-1670583843.94222
6603.68315005302	400	161.729	50	130	50	0	-1670583838.87038
6608.7743871212	400	161.771	50	130	50	0	-1670583833.77914
6613.84485292435	400	161.886	50	130	50	0	-1670583828.70868
6618.90601801872	400	161.9	50	130	50	0	-1670583823.64751
6623.9769411087	400	161.838	50	130	50	0	-1670583818.57659
6629.04836893082	400	162.161	50	130	50	0	-1670583813.50516
6634.11933898926	400	161.96	50	130	50	0	-1670583808.43419
6639.18022203445	400	162.202	50	130	50	0	-1670583803.37331
6644.26111102104	400	162.015	50	130	50	0	-1670583798.29242
6649.33236002922	400	162.222	50	130	50	0	-1670583793.22117
6654.40284609795	400	162.102	50	130	50	0	-1670583788.15068
6659.47399711609	400	162.422	50	130	50	0	-1670583783.07953
6664.54509997368	400	162.308	50	130	50	0	-1670583778.00843
6669.62620997429	400	162.357	50	130	50	0	-1670583772.92732
6674.70715212822	400	162.62	50	130	50	0	-1670583767.84638
6679.77783203125	400	162.527	50	130	50	0	-1670583762.7757
6684.84911608696	400	162.451	50	130	50	0	-1670583757.70441
6689.93148303032	400	162.638	50	130	50	0	-1670583752.62205
6695.00012898445	400	162.506	50	130	50	0	-1670583747.5534
6700.0711979866	400	162.48	50	130	50	0	-1670583742.48233
6705.1432030201	400	162.712	50	130	50	0	-1670583737.41033
6710.2135989666	400	162.39	50	130	50	0	-1670583732.33993
6715.28494501114	400	162.77	50	130	50	0	-1670583727.26859
6720.37732291222	400	162.552	50	130	50	0	-1670583722.17621
6725.4770359993	400	162.467	50	130	50	0	-1670583717.07649
6730.54828596115	400	162.853	50	130	50	0	-1670583712.00524
6735.62878298759	400	162.59	50	130	50	0	-1670583706.92475
6740.69952607155	400	162.801	50	130	50	0	-1670583701.854
6745.7808110714	400	162.621	50	130	50	0	-1670583696.77272
6750.86162495613	400	162.891	50	130	50	0	-1670583691.69191
6755.93300700188	400	162.651	50	130	50	0	-1670583686.62052
6760.99354195595	400	163.029	50	130	50	0	-1670583681.55999
6766.08462500572	400	163.01	50	130	50	0	-1670583676.46891
6771.17571401596	400	163.012	50	130	50	0	-1670583671.37782
6776.24658703804	400	163.01	50	130	50	0	-1670583666.30694
6781.31688904762	400	163.45	50	130	50	0	-1670583661.23664
6786.40830111504	400	163.014	50	130	50	0	-1670583656.14523
6791.48976492882	400	163.433	50	130	50	0	-1670583651.06377
6796.57996201515	400	163.204	50	130	50	0	-1670583645.97357
6801.65133213997	400	163.391	50	130	50	0	-1670583640.9022
6806.73179793358	400	163.461	50	130	50	0	-1670583635.82173
6811.81339001656	400	163.511	50	130	50	0	-1670583630.74014
6816.90372395515	400	163.731	50	130	50	0	-1670583625.64981
6821.9852540493	400	163.496	50	130	50	0	-1670583620.56828
6827.05654406548	400	163.964	50	130	50	0	-1670583615.49699
6832.13640904427	400	163.451	50	130	50	0	-1670583610.41712
6837.20832705498	400	163.979	50	130	50	0	-1670583605.3452
6842.2889111042	400	163.59	50	130	50	0	-1670583600.26462
6847.37033390999	400	164.02	50	130	50	0	-1670583595.1832
6852.45673012733	400	163.787	50	130	50	0	-1670583590.0968
6857.52141308784	400	164.067	50	130	50	0	-1670583585.03212
6862.60303497314	400	163.963	50	130	50	0	-1670583579.9505
6867.70450305939	400	164.289	50	130	50	0	-1670583574.84903
6872.78440213203	400	164.103	50	130	50	0	-1670583569.76913
6877.87643313408	400	164.451	50	130	50	0	-1670583564.6771
6882.94727802277	400	164.262	50	130	50	0	-1670583559.60625
6888.03801298141	400	164.461	50	130	50	0	-1670583554.51552
6893.11101007462	400	164.377	50	130	50	0	-1670583549.44252
6898.19044113159	400	164.535	50	130	50	0	-1670583544.36309
6903.27551913261	400	164.759	50	130	50	0	-1670583539.27801
6908.37174892426	400	164.47	50	130	50	0	-1670583534.18178
6913.44295096397	400	164.611	50	130	50	0	-1670583529.11058
6918.51404595375	400	164.662	50	130	50	0	-1670583524.03948
6923.59480595589	400	164.741	50	130	50	0	-1670583518.95872
6928.67624402046	400	164.694	50	130	50	0	-1670583513.87729
6933.75707411766	400	165.045	50	130	50	0	-1670583508.79646
6938.82788491249	400	164.758	50	130	50	0	-1670583503.72565
6943.89906191826	400	164.896	50	130	50	0	-1670583498.65447
6948.96913194656	400	164.939	50	130	50	0	-1670583493.5844
6954.03090906143	400	164.789	50	130	50	0	-1670583488.52262
6959.11163592339	400	165.102	50	130	50	0	-1670583483.44189
6964.18747901917	400	164.968	50	130	50	0	-1670583478.36605
6969.26585698128	400	165.235	50	130	50	0	-1670583473.28767
6974.34463000298	400	164.925	50	130	50	0	-1670583468.2089
6979.42582702637	400	165.363	50	130	50	0	-1670583463.1277
6984.50670003891	400	164.958	50	130	50	0	-1670583458.04683
6989.59830904007	400	165.299	50	130	50	0	-1670583452.95522
6994.68804812431	400	165.49	50	130	50	0	-1670583447.86548
6999.75984096527	400	165.128	50	130	50	0	-1670583442.79369
7004.81998896599	400	165.576	50	130	50	0	-1670583437.73354
7009.90285992622	400	165.298	50	130	50	0	-1670583432.65067
7014.99546694756	400	165.695	50	130	50	0	-1670583427.55806
7020.07330799103	400	165.671	50	130	50	0	-1670583422.48022
7025.1338391304	400	165.62	50	130	50	0	-1670583417.41969
7030.22554898262	400	165.873	50	130	50	0	-1670583412.32798
7035.30563306808	400	165.67	50	130	50	0	-1670583407.2479
7040.38808894157	400	165.517	50	130	50	0	-1670583402.16544
7045.45779800415	400	166.011	50	130	50	0	-1670583397.09573
7050.52988409996	400	165.648	50	130	50	0	-1670583392.02365
7055.60071897507	400	165.936	50	130	50	0	-1670583386.95281
7060.67118906975	400	165.932	50	130	50	0	-1670583381.88234
7065.75179505348	400	166.06	166.06	130	50	0	-1670583376.80173
7070.85280203819	400	166.042	50	130	50	0	-1670583371.70073
7075.92387008667	400	166.028	50	130	50	0	-1670583366.62966
7081.00480413437	400	166.046	50	130	50	0	-1670583361.54873
7086.1029920578	400	166.213	50	130	50	0	-1670583356.45054
7091.18755793571	400	166.062	50	130	50	0	-1670583351.36597
7096.2577791214	400	166.257	50	130	50	0	-1670583346.29575
7101.32923197746	400	166.299	50	130	50	0	-1670583341.2243
7106.42056393623	400	166.274	50	130	50	0	-1670583336.13297
7111.50144195557	400	166.521	50	130	50	0	-1670583331.05209
7116.5723991394	400	166.424	50	130	50	0	-1670583325.98113
7121.64332890511	400	166.38	50	130	50	0	-1670583320.9102
7126.72543692589	400	166.805	50	130	50	0	-1670583315.82809
7131.82521605492	400	166.421	50	130	50	0	-1670583310.72831
7136.89622306824	400	166.801	50	130	50	0	-1670583305.65731
7141.96728610992	400	166.557	50	130	50	0	-1670583300.58624
7147.03822994232	400	166.887	50	130	50	0	-1670583295.5153
7152.1293129921	400	166.947	50	130	50	0	-1670583290.42422
7157.21924495697	400	166.684	50	130	50	0	-1670583285.33429
7162.30098390579	400	167.175	50	130	50	0	-1670583280.25255
7167.3718829155	400	166.643	50	130	50	0	-1670583275.18165
7172.44282197952	400	166.966	50	130	50	0	-1670583270.11071
7177.52415204048	400	166.997	50	130	50	0	-1670583265.02938
7182.60451793671	400	166.849	50	130	50	0	-1670583259.94901
7187.68685507774	400	167.075	50	130	50	0	-1670583254.86667
7192.77680706978	400	167.029	50	130	50	0	-1670583249.77672
7197.84730005264	400	167.059	50	130	50	0	-1670583244.70623
7202.92922592163	400	167.068	50	130	50	0	-1670583239.6243
7208.0100479126	400	167.338	50	130	50	0	-1670583234.54348
7213.08046412468	400	167.235	50	130	50	0	-1670583229.47307
7218.17126202583	400	167.051	50	130	50	0	-1670583224.38227
7223.24329400063	400	167.026	50	130	50	0	-1670583219.31024
7228.31404709816	400	167.445	50	130	50	0	-1670583214.23948
7233.37484192848	400	167.463	50	130	50	0	-1670583209.17869
7238.44606804848	400	167.254	50	130	50	0	-1670583204.10746
7243.51615905762	400	167.691	50	130	50	0	-1670583199.03737
7248.58778691292	400	167.364	50	130	50	0	-1670583193.96574
7253.6687951088	400	167.782	50	130	50	0	-1670583188.88473
7258.73991703987	400	167.429	50	130	50	0	-1670583183.81361
7263.81092691422	400	167.896	50	130	50	0	-1670583178.7426
7268.88195800781	400	167.752	50	130	50	0	-1670583173.67157
7273.95284891129	400	167.831	50	130	50	0	-1670583168.60068
7279.02387213707	400	167.86	50	130	50	0	-1670583163.52966
7284.10412693024	400	167.76	50	130	50	0	-1670583158.4494
7289.1756310463	400	168.05	50	130	50	0	-1670583153.3779
7294.24646306038	400	168.055	50	130	50	0	-1670583148.30707
7299.31834602356	400	167.923	50	130	50	0	-1670583143.23518
7304.38859295845	400	168.239	50	130	50	0	-1670583138.16494
7309.45937490463	400	167.967	50	130	50	0	-1670583133.09416
7314.5304889679	400	168.228	50	130	50	0	-1670583128.02304
7319.60150694847	400	168.053	50	130	50	0	-1670583122.95202
7324.67255210876	400	168.366	50	130	50	0	-1670583117.88098
7329.74339103699	400	168.134	50	130	50	0	-1670583112.81014
7334.82392907143	400	168.386	50	130	50	0	-1670583107.7296
7339.90513110161	400	168.178	50	130	50	0	-1670583102.6484
7344.9765560627	400	168.558	50	130	50	0	-1670583097.57697
7350.04032492638	400	168.283	50	130	50	0	-1670583092.51321
7355.10835695267	400	168.403	50	130	50	0	-1670583087.44517
7360.17860198021	400	168.706	50	130	50	0	-1670583082.37493
7365.26045703888	400	168.437	50	130	50	0	-1670583077.29307
7370.34053301811	400	168.815	50	130	50	0	-1670583072.213
7375.43221902847	400	168.503	50	130	50	0	-1670583067.12131
7380.52314400673	400	168.796	50	130	50	0	-1670583062.03039
7385.61415505409	400	168.637	50	130	50	0	-1670583056.93937
7390.70502901077	400	169	50	130	50	0	-1670583051.8485
7395.7780649662	400	168.67	50	130	50	0	-1670583046.77547
7400.83651304245	400	168.929	50	130	50	0	-1670583041.71702
7405.91788911819	400	168.927	50	130	50	0	-1670583036.63564
7410.98898792267	400	169.002	50	130	50	0	-1670583031.56454
7416.08001899719	400	169.073	50	130	50	0	-1670583026.47351
7421.16115903854	400	169.138	50	130	50	0	-1670583021.39237
7426.25457596779	400	169.276	50	130	50	0	-1670583016.29895
7431.3329679966	400	169.329	50	130	50	0	-1670583011.22056
7436.40973711014	400	169.06	50	130	50	0	-1670583006.14379
7441.4940340519	400	169.358	50	130	50	0	-1670583001.0595
7446.55516600609	400	169.062	50	130	50	0	-1670582995.99836
7451.63697004318	400	169.495	50	130	50	0	-1670582990.91656
7456.70768809319	400	169.277	50	130	50	0	-1670582985.84584
7461.78905391693	400	169.46	50	130	50	0	-1670582980.76448
7466.85928010941	169.351	169.351	169.351	50	--	--	-1670582975.69425
7471.94089508057	400	169.581	50	130	50	0	-1670582970.61263
7477.0218091011	400	169.324	50	130	50	0	-1670582965.53172
7482.0934419632	400	169.721	50	130	50	0	-1670582960.46009
7487.16380596161	400	169.582	50	130	50	0	-1670582955.38972
7492.23443508148	400	169.743	50	130	50	0	-1670582950.31909
7497.30520510674	400	169.667	50	130	50	0	-1670582945.24832
7502.36655497551	400	169.76	50	130	50	0	-1670582940.18698
7507.44687700272	400	169.655	50	130	50	0	-1670582935.10665
7512.52018713951	400	170.012	50	130	50	0	-1670582930.03334
7517.60022997856	400	169.886	50	130	50	0	-1670582924.9533
7522.66966509819	400	169.72	50	130	50	0	-1670582919.88386
7527.75130105019	400	170.132	50	130	50	0	-1670582914.80223
7532.83237409592	400	169.819	50	130	50	0	-1670582909.72116
7537.90316510201	400	170.18	50	130	50	0	-1670582904.65036
7542.96347093582	400	169.903	50	130	50	0	-1670582899.59006
