Time(s)	SetTemp(K)	Temp(K)	HeatPower	P	I	D
0	120	89.5296	0	67.3	48.5	100
1.149065	120	89.2746	0	67.3	48.5	100
2.239514	120	89.2451	0	67.3	48.5	100
3.360226	120	89.213	0	67.3	48.5	100
4.439961	120	89.0118	0	67.3	48.5	100
5.510239	120	89.0923	0	67.3	48.5	100
6.570736	120	88.9053	0	67.3	48.5	100
7.670274	120	88.8459	0	67.3	48.5	100
8.790291	120	88.84	0	67.3	48.5	100
9.871146	120	88.7962	0	67.3	48.5	100
10.951331	120	88.7372	0	67.3	48.5	100
12.041917	88.5625	88.5625	0	67.3	48.5	100
13.211575	120	88.507	0	67.3	48.5	100
14.281761	120	88.3538	0	67.3	48.5	100
15.372286	120	88.2934	0	67.3	48.5	100
16.451971	120	88.1806	0	67.3	48.5	100
17.532873	120	88.0875	0	67.3	48.5	100
18.59275	120	87.8741	0	67.3	48.5	100
19.732548	120	87.8114	0	67.3	48.5	100
20.823076	120	87.7789	0	67.3	48.5	100
21.922998	120	87.7889	0	67.3	48.5	100
23.033197	120	87.648	0	67.3	48.5	100
24.114198	120	87.4451	0	67.3	48.5	100
25.184063	120	87.3388	0	67.3	48.5	100
26.263964	120	87.3098	0	67.3	48.5	100
27.344064	120	87.1408	0	67.3	48.5	100
28.424989	120	87.0283	0	67.3	48.5	100
29.494644	120	87.0539	0	67.3	48.5	100
30.574493	120	86.7193	0	67.3	48.5	100
31.685489	120	86.7858	0	67.3	48.5	100
32.815092	120	86.7844	0	67.3	48.5	100
33.885541	120	86.6388	0	67.3	48.5	100
34.966412	120	86.6098	0	67.3	48.5	100
36.046416	120	86.5211	0	67.3	48.5	100
37.126151	120	86.4491	0	67.3	48.5	100
38.19638	120	86.2141	0	67.3	48.5	100
39.276093	120	86.1901	0	67.3	48.5	100
40.337174	120	85.9823	0	67.3	48.5	100
41.416583	120	86.0536	0	67.3	48.5	100
42.486777	120	85.8483	0	67.3	48.5	100
43.547885	120	85.7746	0	67.3	48.5	100
44.638285	120	85.7175	0	67.3	48.5	100
45.748437	120	85.5604	0	67.3	48.5	100
46.828219	120	85.5422	0	67.3	48.5	100
47.908267	120	85.4617	0	67.3	48.5	100
48.988836	120	85.2537	0	67.3	48.5	100
50.048779	120	85.1929	0	67.3	48.5	100
51.118786	120	84.9017	0	67.3	48.5	100
52.208914	120	84.8952	0	67.3	48.5	100
53.319252	120	84.8641	0	67.3	48.5	100
54.390254	120	84.6854	0	67.3	48.5	100
55.449459	120	84.8599	0	67.3	48.5	100
56.520607	120	84.6721	0	67.3	48.5	100
57.579618	120	84.5548	0	67.3	48.5	100
58.689973	120	84.5267	0	67.3	48.5	100
59.810961	120	84.2352	0	67.3	48.5	100
60.890581	120	84.213	0	67.3	48.5	100
61.981612	120	84.272	0	67.3	48.5	100
63.090991	120	84.167	0	67.3	48.5	100
64.171871	120	83.9306	0	67.3	48.5	100
65.251441	120	83.9569	0	67.3	48.5	100
66.322171	120	83.883	0	67.3	48.5	100
67.411613	120	83.718	83.718	67.3	48.5	100
68.491851	120	83.6059	0	67.3	48.5	100
69.572561	120	83.622	0	67.3	48.5	100
70.672788	120	83.5567	0	67.3	48.5	100
71.823233	120	83.3383	0	67.3	48.5	100
72.933606	120	83.2929	0	67.3	48.5	100
74.013058	120	83.1951	0	67.3	48.5	100
75.083061	120	83.1214	0	67.3	48.5	100
76.163412	120	83.0884	0	67.3	48.5	100
77.243891	120	82.8935	0	67.3	48.5	100
78.313897	120	82.8697	0	67.3	48.5	100
79.394353	120	82.8165	0	67.3	48.5	100
80.464859	120	82.7145	0	67.3	48.5	100
81.544864	120	82.581	0	67.3	48.5	100
82.635508	120	82.5174	0	67.3	48.5	100
83.755563	120	82.4632	0	67.3	48.5	100
84.825569	120	82.3672	0	67.3	48.5	100
85.886056	120	82.2459	0	67.3	48.5	100
86.965299	120	82.1347	0	67.3	48.5	100
88.046302	120	82.0609	0	67.3	48.5	100
89.125789	120	81.9357	0	67.3	48.5	100
90.196432	120	82.1611	0	67.3	48.5	100
91.276674	120	82.0938	0	67.3	48.5	100
92.356473	120	81.9822	0	67.3	48.5	100
93.427439	120	81.6162	0	67.3	48.5	100
94.497425	120	81.6554	0	67.3	48.5	100
95.577685	120	81.8032	0	67.3	48.5	100
96.697853	120	81.6182	0	67.3	48.5	100
97.827849	120	81.3357	0	67.3	48.5	100
98.898577	120	81.4735	0	67.3	48.5	100
99.978314	120	81.4454	0	67.3	48.5	100
101.058996	120	81.4126	0	67.3	48.5	100
102.148788	120	81.2233	0	67.3	48.5	100
103.26909	120	81.0112	0	67.3	48.5	100
104.349127	120	81.0158	0	67.3	48.5	100
105.418971	120	80.9933	0	67.3	48.5	100
106.489976	120	80.9601	0	67.3	48.5	100
107.569267	120	80.8994	0	67.3	48.5	100
108.670453	120	80.7994	0	67.3	48.5	100
109.800457	120	80.5588	0	67.3	48.5	100
110.880792	120	80.5507	0	67.3	48.5	100
111.970391	120	80.6604	0	67.3	48.5	100
113.08062	120	80.5743	0	67.3	48.5	100
114.150678	120	80.4975	0	67.3	48.5	100
115.220956	120	80.3879	0	67.3	48.5	100
116.291806	120	80.3453	0	67.3	48.5	100
117.372305	120	80.2813	0	67.3	48.5	100
118.451763	120	80.3387	0	67.3	48.5	100
119.532132	120	80.1917	0	67.3	48.5	100
120.602591	120	79.9845	0	67.3	48.5	100
121.752692	120	80.0622	0	67.3	48.5	100
122.87295	120	79.9569	0	67.3	48.5	100
123.942808	120	79.9237	0	67.3	48.5	100
125.022983	120	79.875	0	67.3	48.5	100
126.092984	120	79.8578	0	67.3	48.5	100
127.173306	120	79.7896	0	67.3	48.5	100
128.253393	120	79.7504	0	67.3	48.5	100
129.324393	120	79.7083	0	67.3	48.5	100
130.40445	120	79.6202	0	67.3	48.5	100
131.474298	120	79.5913	0	67.3	48.5	100
132.554304	120	79.4954	0	67.3	48.5	100
133.64504	120	79.4805	0	67.3	48.5	100
134.754665	120	79.4708	0	67.3	48.5	100
135.834903	120	79.4561	0	67.3	48.5	100
136.895515	120	79.3805	0	67.3	48.5	100
137.965317	120	79.3197	0	67.3	48.5	100
139.025988	120	79.3099	0	67.3	48.5	100
140.095684	120	79.2673	0	67.3	48.5	100
141.166055	120	79.2127	0	67.3	48.5	100
142.256853	120	79.1535	0	67.3	48.5	100
143.336197	120	79.1399	0	67.3	48.5	100
144.417196	120	79.1233	0	67.3	48.5	100
145.487085	120	79.0837	0	67.3	48.5	100
146.567606	120	79.0592	0	67.3	48.5	100
147.677608	120	78.99	0	67.3	48.5	100
148.787781	120	78.9589	0	67.3	48.5	100
149.868102	120	78.9134	0	67.3	48.5	100
150.948105	120	78.8676	0	67.3	48.5	100
152.038559	120	78.8777	0	67.3	48.5	100
153.148113	120	78.8232	0	67.3	48.5	100
154.229117	120	78.7967	0	67.3	48.5	100
155.298843	120	78.776	0	67.3	48.5	100
156.379434	120	78.762	0	67.3	48.5	100
157.459439	120	78.6736	0	67.3	48.5	100
158.530107	120	78.6095	0	67.3	48.5	100
159.630188	120	78.5817	0	67.3	48.5	100
160.749691	120	78.5404	0	67.3	48.5	100
161.840229	120	78.5255	0	67.3	48.5	100
162.950215	120	78.4789	0	67.3	48.5	100
164.021217	120	78.4202	0	67.3	48.5	100
165.081305	120	78.3691	0	67.3	48.5	100
166.160902	120	78.328	0	67.3	48.5	100
167.231543	120	78.339	0	67.3	48.5	100
168.29217	120	78.3331	0	67.3	48.5	100
169.37155	120	78.2854	0	67.3	48.5	100
170.45207	120	78.2516	0	67.3	48.5	100
171.532677	120	78.2315	0	67.3	48.5	100
172.602119	120	78.1994	0	67.3	48.5	100
173.75223	120	78.1935	0	67.3	48.5	100
174.833232	120	78.1872	0	67.3	48.5	100
175.903245	120	78.1692	0	67.3	48.5	100
176.983119	120	78.1347	0	67.3	48.5	100
178.063126	120	78.112	0	67.3	48.5	100
179.133344	120	78.0914	0	67.3	48.5	100
180.203653	120	78.0757	0	67.3	48.5	100
181.283652	120	78.0581	0	67.3	48.5	100
182.364092	120	78.0348	0	67.3	48.5	100
183.434903	120	78.0148	0	67.3	48.5	100
184.504907	120	77.9937	0	67.3	48.5	100
185.585016	120	77.9724	0	67.3	48.5	100
186.725155	120	77.9567	0	67.3	48.5	100
187.83516	120	77.9438	0	67.3	48.5	100
188.905279	120	77.9224	0	67.3	48.5	100
189.98614	120	77.8979	0	67.3	48.5	100
191.066146	120	77.8842	0	67.3	48.5	100
192.156466	120	77.8617	0	67.3	48.5	100
193.276484	120	77.8381	0	67.3	48.5	100
194.356376	120	77.8215	0	67.3	48.5	100
195.436954	120	77.8033	0	67.3	48.5	100
196.496725	120	77.7809	0	67.3	48.5	100
197.577491	120	77.7615	0	67.3	48.5	100
198.687014	120	77.7437	0	67.3	48.5	100
199.827989	120	77.7283	0	67.3	48.5	100
200.897446	120	77.7098	0	67.3	48.5	100
201.988465	120	77.6927	0	67.3	48.5	100
203.09847	120	77.6743	0	67.3	48.5	100
204.178316	120	77.6606	0	67.3	48.5	100
205.268391	120	77.6444	0	67.3	48.5	100
206.338866	120	77.6282	0	67.3	48.5	100
207.408763	120	77.6117	0	67.3	48.5	100
208.488991	120	77.6006	0	67.3	48.5	100
209.559713	120	77.5884	0	67.3	48.5	100
210.649719	120	77.5757	0	67.3	48.5	100
211.769758	120	77.5647	0	67.3	48.5	100
212.889802	120	77.5549	0	67.3	48.5	100
213.950802	120	77.5453	0	67.3	48.5	100
215.030808	120	77.5389	0	67.3	48.5	100
216.101383	120	77.5343	0	67.3	48.5	100
217.171297	120	77.531	0	67.3	48.5	100
218.251298	120	77.526	0	67.3	48.5	100
219.311512	120	77.5212	0	67.3	48.5	100
220.382225	120	77.517	0	67.3	48.5	100
221.46223	120	77.5109	0	67.3	48.5	100
222.53236	120	77.5045	0	67.3	48.5	100
223.602541	120	77.4983	0	67.3	48.5	100
224.732549	120	77.4927	0	67.3	48.5	100
225.792551	120	77.4881	0	67.3	48.5	100
226.862853	120	77.4829	0	67.3	48.5	100
227.93286	120	77.4782	0	67.3	48.5	100
228.992864	120	77.4732	0	67.3	48.5	100
230.063228	120	77.4684	0	67.3	48.5	100
231.133233	120	77.4643	0	67.3	48.5	100
232.23424	120	77.4607	0	67.3	48.5	100
233.364149	120	77.4574	0	77.4574	--	--
234.434155	120	77.4542	0	67.3	48.5	100
235.494159	120	77.4508	0	67.3	48.5	100
236.57456	120	77.4478	0	67.3	48.5	100
237.67498	120	77.4447	0	67.3	48.5	100
238.795716	120	77.4432	0	67.3	48.5	100
239.875312	120	77.4412	0	67.3	48.5	100
240.955856	120	77.4399	0	67.3	48.5	100
242.045865	120	77.4383	0	67.3	48.5	100
243.165354	120	77.437	0	67.3	48.5	100
244.236739	120	77.4365	0	67.3	48.5	100
245.326743	120	77.4356	0	67.3	48.5	100
246.39656	120	77.4347	0	67.3	48.5	100
247.477233	120	77.4342	0	67.3	48.5	100
248.557466	120	77.4332	0	67.3	48.5	100
249.647408	120	77.4322	0	67.3	48.5	100
250.756945	120	77.4312	0	67.3	48.5	100
251.847888	120	77.4302	0	67.3	48.5	100
252.967842	120	77.4288	0	67.3	48.5	100
254.038228	120	77.4266	0	67.3	48.5	100
255.098197	120	77.4247	0	67.3	48.5	100
256.178345	120	77.4239	0	67.3	48.5	100
257.258655	120	77.422	0	67.3	48.5	100
258.328596	120	77.4206	0	67.3	48.5	100
259.389506	120	77.4198	0	67.3	48.5	100
260.469775	120	77.4178	0	67.3	48.5	100
261.539434	120	77.4162	0	67.3	48.5	100
262.599592	120	77.4145	0	67.3	48.5	100
263.739614	120	77.414	0	67.3	48.5	100
264.830519	120	77.413	0	67.3	48.5	100
265.900842	120	77.4121	0	67.3	48.5	100
266.990904	120	77.4114	0	67.3	48.5	100
268.070308	120	77.411	0	67.3	48.5	100
269.140821	120	77.4107	0	67.3	48.5	100
270.211374	120	77.4104	0	67.3	48.5	100
271.291006	120	77.4103	0	67.3	48.5	100
272.37176	120	77.4098	0	67.3	48.5	100
273.44202	120	77.4096	0	67.3	48.5	100
274.512716	120	77.4099	0	67.3	48.5	100
275.592053	120	77.41	0	67.3	48.5	100
276.712801	120	77.4103	0	67.3	48.5	100
277.832444	120	77.4105	0	67.3	48.5	100
278.902595	120	77.4108	0	67.3	48.5	100
279.982691	120	77.4111	0	67.3	48.5	100
281.063441	120	77.4111	0	67.3	48.5	100
282.15391	120	77.4117	0	67.3	48.5	100
283.273614	120	77.413	0	67.3	48.5	100
284.343615	120	77.4137	0	67.3	48.5	100
285.41401	120	77.414	0	67.3	48.5	100
286.493953	120	77.4145	0	67.3	48.5	100
287.564958	120	77.4145	0	67.3	48.5	100
288.664622	77.4145	77.4145	77.4145	67.3	48.5	100
289.835395	120	77.4136	0	67.3	48.5	100
290.905401	120	77.4139	0	67.3	48.5	100
292.005131	120	77.4136	0	67.3	48.5	100
293.115322	120	77.4133	0	67.3	48.5	100
294.196078	120	77.4128	0	67.3	48.5	100
295.265824	120	77.4125	0	67.3	48.5	100
296.326445	120	77.4128	0	67.3	48.5	100
297.396167	120	77.4128	0	67.3	48.5	100
298.456913	120	77.4126	0	67.3	48.5	100
299.527152	120	77.4119	0	67.3	48.5	100
300.58674	120	77.4121	0	67.3	48.5	100
301.706873	120	77.4122	0	67.3	48.5	100
302.807915	120	77.4122	0	67.3	48.5	100
303.977232	120	77.4126	0	67.3	48.5	100
305.047939	120	77.4163	20	67.3	48.5	100
306.108215	120	77.4323	20	67.3	48.5	100
307.177959	120	77.4424	20	67.3	48.5	100
308.238849	120	77.4475	20	67.3	48.5	100
309.308336	120	77.4485	20	67.3	48.5	100
310.369245	120	77.4498	20	67.3	48.5	100
311.439212	120	77.4508	20	67.3	48.5	100
312.499215	120	77.4511	20	67.3	48.5	100
313.569069	120	77.4519	20	67.3	48.5	100
314.660074	120	77.4515	20	67.3	48.5	100
315.77008	120	77.4508	20	67.3	48.5	100
316.839806	120	77.4513	20	67.3	48.5	100
317.91052	120	77.4528	20	67.3	48.5	100
318.990525	120	77.4548	20	67.3	48.5	100
320.070979	120	77.4561	20	67.3	48.5	100
321.141368	120	77.4572	20	67.3	48.5	100
322.241369	120	77.4581	20	67.3	48.5	100
323.341341	120	77.4585	20	67.3	48.5	100
324.411269	120	77.4601	20	67.3	48.5	100
325.492276	120	77.4605	20	67.3	48.5	100
326.562352	120	77.4611	20	67.3	48.5	100
327.66211	120	77.4614	20	67.3	48.5	100
328.772115	120	77.4619	20	67.3	48.5	100
329.843122	120	77.463	20	67.3	48.5	100
330.903126	120	77.4649	20	67.3	48.5	100
332.00282	120	77.4653	20	67.3	48.5	100
333.132824	120	77.4653	20	67.3	48.5	100
334.203688	120	77.4659	20	67.3	48.5	100
335.28362	120	77.4677	20	67.3	48.5	100
336.363625	120	77.4685	20	67.3	48.5	100
337.444175	120	77.4689	20	67.3	48.5	100
338.514304	120	77.4686	20	67.3	48.5	100
339.59512	120	77.4684	20	67.3	48.5	100
340.744126	120	77.4686	20	67.3	48.5	100
341.855098	120	77.4677	20	67.3	48.5	100
342.975238	120	77.4685	20	67.3	48.5	100
344.055243	120	77.4695	20	67.3	48.5	100
345.135629	120	77.4692	20	67.3	48.5	100
346.195827	120	77.4695	20	67.3	48.5	100
347.276171	120	77.4689	20	67.3	48.5	100
348.346174	120	77.4686	20	67.3	48.5	100
349.406979	120	77.4692	20	67.3	48.5	100
350.486946	120	77.4708	20	67.3	48.5	100
351.567049	120	77.4715	20	67.3	48.5	100
352.667205	120	77.4717	20	67.3	48.5	100
353.787214	120	77.4725	20	67.3	48.5	100
354.867871	120	77.4715	20	67.3	48.5	100
355.948101	120	77.4704	20	67.3	48.5	100
357.017727	120	77.4695	20	67.3	48.5	100
358.097929	120	77.4695	20	67.3	48.5	100
359.178624	120	77.4703	20	67.3	48.5	100
360.24821	120	77.4704	20	67.3	48.5	100
361.308223	120	77.4703	20	67.3	48.5	100
362.388485	120	77.4703	20	67.3	48.5	100
363.469101	120	77.4703	20	67.3	48.5	100
364.53901	120	77.4699	20	67.3	48.5	100
365.619211	120	77.4703	20	67.3	48.5	100
366.759487	120	77.4701	20	67.3	48.5	100
367.849711	120	77.4695	20	67.3	48.5	100
368.919879	120	77.4705	20	67.3	48.5	100
370.000688	120	77.4707	20	67.3	48.5	100
371.080445	120	77.4712	20	67.3	48.5	100
372.181229	120	77.4732	20	67.3	48.5	100
373.300644	120	77.4734	20	67.3	48.5	100
374.360968	120	77.4732	20	67.3	48.5	100
375.440821	120	77.4736	20	67.3	48.5	100
376.51112	120	77.4714	20	67.3	48.5	100
377.592152	120	77.4701	20	67.3	48.5	100
378.711435	120	77.4696	20	67.3	48.5	100
379.822163	120	77.4703	20	67.3	48.5	100
380.902768	120	77.471	20	67.3	48.5	100
381.982528	120	77.4722	20	67.3	48.5	100
383.103304	120	77.4712	20	67.3	48.5	100
384.18296	120	77.4725	20	67.3	48.5	100
385.263283	120	77.471	20	67.3	48.5	100
386.323729	120	77.4703	20	67.3	48.5	100
387.393628	120	77.4701	20	67.3	48.5	100
388.473881	120	77.4708	20	67.3	48.5	100
389.544077	120	77.4711	20	67.3	48.5	100
390.634502	120	77.4719	20	67.3	48.5	100
391.754506	120	77.4717	20	67.3	48.5	100
392.864468	120	77.4717	20	67.3	48.5	100
393.93558	120	77.4729	20	67.3	48.5	100
394.994585	120	77.473	20	67.3	48.5	100
396.075715	120	77.4724	20	67.3	48.5	100
397.145933	120	77.4728	20	67.3	48.5	100
398.205939	120	77.4733	20	67.3	48.5	100
399.275983	120	77.4744	20	67.3	48.5	100
400.345789	120	77.4743	20	67.3	48.5	100
401.405993	120	77.473	20	67.3	48.5	100
402.486715	120	77.4722	20	67.3	48.5	100
403.566475	120	77.4725	20	67.3	48.5	100
404.666589	120	77.473	20	67.3	48.5	100
405.777376	120	77.473	20	67.3	48.5	100
406.857908	120	77.4735	40	67.3	48.5	100
407.9377	120	77.4891	40	67.3	48.5	100
409.008071	120	77.5285	40	67.3	48.5	100
410.097868	120	77.5594	40	67.3	48.5	100
411.178454	120	77.5819	40	67.3	48.5	100
412.27852	120	77.5952	40	67.3	48.5	100
413.368437	120	77.6015	40	67.3	48.5	100
414.438828	120	77.6013	40	67.3	48.5	100
415.509079	120	77.6091	40	67.3	48.5	100
416.589741	120	77.6209	40	67.3	48.5	100
417.719002	120	77.6299	40	67.3	48.5	100
418.839615	120	77.6301	40	67.3	48.5	100
419.909325	120	77.633	40	67.3	48.5	100
420.990192	120	77.6334	40	67.3	48.5	100
422.080197	120	77.6332	40	67.3	48.5	100
423.200916	120	77.6358	40	67.3	48.5	100
424.280977	120	77.6449	40	67.3	48.5	100
425.350982	120	77.6467	40	67.3	48.5	100
426.42176	120	77.6477	40	67.3	48.5	100
427.501633	120	77.6466	40	67.3	48.5	100
428.581639	120	77.643	40	67.3	48.5	100
429.691493	120	77.6415	40	67.3	48.5	100
430.801454	120	77.6398	40	67.3	48.5	100
431.902459	120	77.6393	40	67.3	48.5	100
433.022464	120	77.6392	40	67.3	48.5	100
434.102384	120	77.6437	40	67.3	48.5	100
435.183391	120	77.6456	40	67.3	48.5	100
436.25292	120	77.6428	40	67.3	48.5	100
437.313327	120	77.6389	40	67.3	48.5	100
438.403333	120	77.6402	40	67.3	48.5	100
439.473586	120	77.6442	40	67.3	48.5	100
440.553699	120	77.6461	40	67.3	48.5	100
441.64471	120	77.6445	40	67.3	48.5	100
442.754241	120	77.6424	40	67.3	48.5	100
443.814695	120	77.6406	40	67.3	48.5	100
444.8947	120	77.6391	40	67.3	48.5	100
445.97452	120	77.64	40	67.3	48.5	100
447.055518	120	77.6373	40	67.3	48.5	100
448.125732	120	77.6405	40	67.3	48.5	100
449.205705	120	77.6422	40	67.3	48.5	100
450.286183	120	77.6414	40	67.3	48.5	100
451.356306	120	77.6405	40	67.3	48.5	100
452.425938	120	77.6389	40	67.3	48.5	100
453.506164	120	77.6366	40	67.3	48.5	100
454.587012	120	77.6348	40	67.3	48.5	100
455.716917	120	77.6383	40	67.3	48.5	100
456.827379	120	77.6398	40	67.3	48.5	100
457.907865	120	77.6379	40	67.3	48.5	100
458.976869	120	77.6372	40	67.3	48.5	100
460.047873	120	77.6365	40	67.3	48.5	100
461.118463	120	77.6354	40	67.3	48.5	100
462.21813	120	77.6391	40	67.3	48.5	100
463.34852	120	77.6435	40	67.3	48.5	100
464.418507	120	77.645	40	67.3	48.5	100
465.498517	120	77.643	40	67.3	48.5	100
466.579521	120	77.6401	40	67.3	48.5	100
467.688803	120	77.6347	40	67.3	48.5	100
468.799807	120	77.6318	40	67.3	48.5	100
469.88928	120	77.6312	40	67.3	48.5	100
470.949566	120	77.6315	40	67.3	48.5	100
472.030091	120	77.6273	40	67.3	48.5	100
473.149927	120	77.6269	40	67.3	48.5	100
474.220047	120	77.6258	40	67.3	48.5	100
475.31052	120	77.628	40	67.3	48.5	100
476.391138	120	77.6308	40	67.3	48.5	100
477.461143	120	77.6285	40	67.3	48.5	100
478.541487	120	77.625	40	67.3	48.5	100
479.621752	120	77.6275	40	67.3	48.5	100
480.741758	120	77.6299	40	67.3	48.5	100
481.831954	120	77.6317	40	67.3	48.5	100
482.952489	120	77.6337	40	67.3	48.5	100
484.022493	120	77.6306	40	67.3	48.5	100
485.102037	120	77.6308	40	67.3	48.5	100
486.172981	120	77.6298	40	67.3	48.5	100
487.252908	120	77.6273	40	67.3	48.5	100
488.323157	120	77.6246	40	67.3	48.5	100
489.412884	120	77.6246	40	67.3	48.5	100
490.493887	120	77.6258	40	67.3	48.5	100
491.564098	120	77.6225	40	67.3	48.5	100
492.653675	120	77.6243	40	67.3	48.5	100
493.763678	120	77.6302	40	67.3	48.5	100
494.824381	120	77.6301	40	67.3	48.5	100
495.904231	120	77.6279	40	67.3	48.5	100
496.984207	120	77.6263	40	67.3	48.5	100
498.05496	120	77.6291	40	67.3	48.5	100
499.115428	120	77.6327	40	67.3	48.5	100
500.19543	120	77.636	40	67.3	48.5	100
501.276032	120	77.6314	40	67.3	48.5	100
502.345607	120	77.6265	40	67.3	48.5	100
503.405986	120	77.6339	40	67.3	48.5	100
504.486276	120	77.6396	40	67.3	48.5	100
505.557029	120	77.6428	40	67.3	48.5	100
506.646354	120	77.6426	40	67.3	48.5	100
507.756381	120	77.6442	40	67.3	48.5	100
508.827388	120	77.643	40	67.3	48.5	100
509.907444	120	77.6463	40	67.3	48.5	100
510.987789	120	77.6474	40	67.3	48.5	100
512.077793	120	77.6425	40	67.3	48.5	100
513.197485	120	77.6445	40	67.3	48.5	100
514.277904	120	77.6474	60	67.3	48.5	100
515.357911	120	77.6733	60	67.3	48.5	100
516.418256	120	77.7318	60	67.3	48.5	100
517.49858	120	77.7804	60	67.3	48.5	100
518.578581	120	77.8215	60	67.3	48.5	100
519.689321	120	77.8475	60	67.3	48.5	100
520.799925	120	77.8646	60	67.3	48.5	100
521.898974	120	77.8873	60	67.3	48.5	100
523.019767	120	77.9247	60	67.3	48.5	100
524.100412	120	77.9501	60	67.3	48.5	100
525.180491	120	77.9774	60	67.3	48.5	100
526.260629	120	77.9928	60	67.3	48.5	100
527.330082	120	77.9957	60	67.3	48.5	100
528.410838	120	78.0138	60	67.3	48.5	100
529.490594	120	78.0801	60	67.3	48.5	100
530.561638	120	78.2085	60	67.3	48.5	100
531.661594	120	78.3547	60	67.3	48.5	100
532.771592	120	78.4494	60	67.3	48.5	100
533.851456	120	78.6076	60	67.3	48.5	100
534.922086	120	78.8512	60	67.3	48.5	100
536.002091	120	79.106	60	67.3	48.5	100
537.082429	120	79.354	60	67.3	48.5	100
538.162718	120	79.5797	60	67.3	48.5	100
539.232722	120	79.8427	60	67.3	48.5	100
540.312553	120	80.0713	60	67.3	48.5	100
541.39277	120	80.3007	60	67.3	48.5	100
542.46307	120	80.4969	60	67.3	48.5	100
543.534074	120	80.7356	60	67.3	48.5	100
544.634355	120	80.9109	60	67.3	48.5	100
545.76433	120	81.1676	60	67.3	48.5	100
546.834337	120	81.2796	60	67.3	48.5	100
547.914296	120	81.5137	60	67.3	48.5	100
548.984967	120	81.8032	60	67.3	48.5	100
550.054971	120	82.0198	60	67.3	48.5	100
551.124835	120	82.3032	60	67.3	48.5	100
552.225408	120	82.5099	60	67.3	48.5	100
553.365409	120	82.8087	60	67.3	48.5	100
554.425504	120	83.3923	60	67.3	48.5	100
555.506226	120	83.5373	60	67.3	48.5	100
556.586134	120	83.9154	60	67.3	48.5	100
557.715964	120	84.2758	60	67.3	48.5	100
558.806981	120	84.488	60	67.3	48.5	100
559.886985	120	84.6386	60	67.3	48.5	100
560.956988	120	84.9355	84.9355	67.3	48.5	100
562.067667	120	85.2271	60	67.3	48.5	100
563.197256	120	85.5112	60	67.3	48.5	100
564.257644	120	85.6169	60	67.3	48.5	100
565.32803	120	85.7976	60	67.3	48.5	100
566.388033	120	86.0035	60	67.3	48.5	100
567.4589	120	86.5335	60	67.3	48.5	100
568.518777	120	86.7647	60	67.3	48.5	100
569.589233	120	86.9496	60	67.3	48.5	100
570.698697	120	87.266	60	67.3	48.5	100
571.818917	120	87.3741	60	67.3	48.5	100
572.92946	120	87.675	60	67.3	48.5	100
574.009232	120	87.941	60	67.3	48.5	100
575.100028	120	88.2216	60	67.3	48.5	100
576.179765	120	88.428	60	67.3	48.5	100
577.25036	120	88.7398	60	67.3	48.5	100
578.320759	120	88.9384	60	67.3	48.5	100
579.401142	120	88.9366	60	67.3	48.5	100
580.480754	120	89.2456	60	67.3	48.5	100
581.550803	120	89.5727	60	67.3	48.5	100
582.631451	120	89.6879	60	67.3	48.5	100
583.761066	120	89.8642	60	67.3	48.5	100
584.831742	120	90.213	60	67.3	48.5	100
585.91198	120	90.2671	60	67.3	48.5	100
587.001673	120	90.4827	60	67.3	48.5	100
588.082049	120	90.8141	60	67.3	48.5	100
589.152808	120	90.9795	60	67.3	48.5	100
590.222816	120	91.1584	60	67.3	48.5	100
591.302941	120	91.2392	60	67.3	48.5	100
592.383454	120	91.5466	60	67.3	48.5	100
593.453456	120	91.8522	60	67.3	48.5	100
594.513296	120	92.0127	60	67.3	48.5	100
595.593266	120	92.1732	60	67.3	48.5	100
596.724263	120	92.3429	60	67.3	48.5	100
597.814431	120	92.4251	60	67.3	48.5	100
598.894876	120	92.6396	60	67.3	48.5	100
599.964799	120	92.852	60	67.3	48.5	100
601.025051	120	93.2025	60	67.3	48.5	100
602.124956	120	93.4068	60	67.3	48.5	100
603.255342	120	93.5429	60	67.3	48.5	100
604.325561	120	93.8	60	67.3	48.5	100
605.405493	120	94.1315	60	67.3	48.5	100
606.486131	120	94.1613	60	67.3	48.5	100
607.566441	120	94.2424	60	67.3	48.5	100
608.675858	120	94.4242	60	67.3	48.5	100
609.796559	120	94.6422	60	67.3	48.5	100
610.876312	120	94.8996	60	67.3	48.5	100
611.977329	120	95.1221	60	67.3	48.5	100
613.09738	120	95.3918	60	67.3	48.5	100
614.177171	120	95.577	60	67.3	48.5	100
615.257844	120	95.6778	60	67.3	48.5	100
616.337802	120	95.7246	60	67.3	48.5	100
617.417902	120	95.9841	60	67.3	48.5	100
618.498292	120	96.1815	60	67.3	48.5	100
619.56796	120	96.3697	60	67.3	48.5	100
620.668636	120	96.5412	60	67.3	48.5	100
621.798953	120	96.7956	60	67.3	48.5	100
622.909078	120	96.9098	60	67.3	48.5	100
623.989125	120	96.9128	60	67.3	48.5	100
625.069182	120	97.1586	60	67.3	48.5	100
626.139452	120	97.4533	60	67.3	48.5	100
627.220136	120	97.6558	60	67.3	48.5	100
628.300139	120	97.8303	60	67.3	48.5	100
629.370271	120	98.0209	60	67.3	48.5	100
630.440864	120	98.1715	60	67.3	48.5	100
631.520873	120	98.2713	60	67.3	48.5	100
632.59111	120	98.4221	60	67.3	48.5	100
633.710638	120	98.6707	60	67.3	48.5	100
634.83122	120	98.7905	60	67.3	48.5	100
635.911479	120	99.0118	60	67.3	48.5	100
636.99211	120	99.1624	60	67.3	48.5	100
638.062192	120	99.3684	60	67.3	48.5	100
639.131652	120	99.6107	60	67.3	48.5	100
640.212565	120	99.7625	60	67.3	48.5	100
641.292568	120	99.8893	60	67.3	48.5	100
642.362572	120	100.05	60	67.3	48.5	100
643.422385	120	100.227	60	67.3	48.5	100
644.493388	120	100.322	60	67.3	48.5	100
645.562794	120	100.493	60	67.3	48.5	100
646.663165	120	100.744	60	67.3	48.5	100
647.773168	120	100.866	60	67.3	48.5	100
648.843799	120	101.01	60	67.3	48.5	100
649.92399	120	101.162	60	67.3	48.5	100
650.983993	120	101.319	60	67.3	48.5	100
652.074808	120	101.431	60	67.3	48.5	100
653.194605	120	101.583	60	67.3	48.5	100
654.265607	120	101.713	60	67.3	48.5	100
655.34538	120	101.929	60	67.3	48.5	100
656.40532	120	102.12	60	67.3	48.5	100
657.476323	120	102.243	60	67.3	48.5	100
658.535433	120	102.329	60	67.3	48.5	100
659.616282	120	102.454	60	67.3	48.5	100
660.746556	120	102.673	60	67.3	48.5	100
661.826216	120	102.834	60	67.3	48.5	100
662.936758	120	103.006	60	67.3	48.5	100
664.0166	120	103.111	60	67.3	48.5	100
665.097164	120	103.304	60	67.3	48.5	100
666.167595	120	103.469	60	67.3	48.5	100
667.228052	120	103.555	60	67.3	48.5	100
668.308222	120	103.69	60	67.3	48.5	100
669.388227	120	103.916	60	67.3	48.5	100
670.458377	120	104.075	60	67.3	48.5	100
671.518407	120	104.166	60	67.3	48.5	100
672.598757	120	104.321	60	67.3	48.5	100
673.728405	120	104.519	60	67.3	48.5	100
674.81941	120	104.65	60	67.3	48.5	100
675.898732	120	104.843	60	67.3	48.5	100
676.969117	120	104.998	60	67.3	48.5	100
678.030121	120	105.15	60	67.3	48.5	100
679.1097	120	105.322	60	67.3	48.5	100
680.190675	120	105.489	60	67.3	48.5	100
681.270681	120	105.624	60	67.3	48.5	100
682.339887	120	105.74	60	67.3	48.5	100
683.421019	120	105.901	60	67.3	48.5	100
684.500628	120	106.061	60	67.3	48.5	100
685.570637	120	106.231	60	67.3	48.5	100
686.671231	120	106.374	60	67.3	48.5	100
687.781334	120	106.502	60	67.3	48.5	100
688.862096	120	106.686	60	67.3	48.5	100
689.932102	120	106.851	60	67.3	48.5	100
691.012162	120	107.015	60	67.3	48.5	100
692.112611	120	107.152	60	67.3	48.5	100
693.232611	120	107.318	60	67.3	48.5	100
694.312535	120	107.459	60	67.3	48.5	100
695.393145	120	107.576	60	67.3	48.5	100
696.473149	120	107.719	60	67.3	48.5	100
697.542724	120	107.896	60	67.3	48.5	100
698.633492	120	108.075	60	67.3	48.5	100
699.743496	120	108.175	60	67.3	48.5	100
700.834574	120	108.265	60	67.3	48.5	100
701.974579	120	108.372	60	67.3	48.5	100
703.094713	120	108.577	60	67.3	48.5	100
704.164889	120	108.76	60	67.3	48.5	100
705.244895	120	108.899	60	67.3	48.5	100
706.325079	120	109.051	60	67.3	48.5	100
707.405686	120	109.184	60	67.3	48.5	100
708.47536	120	109.329	60	67.3	48.5	100
709.545298	120	109.492	60	67.3	48.5	100
710.646028	120	109.595	60	67.3	48.5	100
711.796042	120	109.715	60	67.3	48.5	100
712.906637	120	109.897	60	67.3	48.5	100
713.976266	120	110.059	60	67.3	48.5	100
715.046769	120	110.181	60	67.3	48.5	100
716.127137	120	110.298	60	67.3	48.5	100
717.187512	120	110.385	60	67.3	48.5	100
718.267591	120	110.517	60	67.3	48.5	100
719.337298	120	110.683	60	67.3	48.5	100
720.417307	120	110.846	60	67.3	48.5	100
721.498145	120	110.973	60	67.3	48.5	100
722.577933	120	111.097	60	67.3	48.5	100
723.697938	120	111.26	60	67.3	48.5	100
724.798253	120	111.408	60	67.3	48.5	100
725.878877	120	111.553	60	67.3	48.5	100
726.948879	120	111.661	60	67.3	48.5	100
728.029466	120	111.739	60	67.3	48.5	100
729.089078	120	111.873	60	67.3	48.5	100
730.159256	120	112.005	60	67.3	48.5	100
731.219481	120	112.156	60	67.3	48.5	100
732.309591	120	112.327	60	67.3	48.5	100
733.380618	120	112.439	60	67.3	48.5	100
734.450209	120	112.54	60	67.3	48.5	100
735.531037	120	112.683	60	67.3	48.5	100
736.601301	120	112.841	60	67.3	48.5	100
737.721128	120	112.977	60	67.3	48.5	100
738.800983	120	113.095	60	67.3	48.5	100
739.87188	120	113.23	60	67.3	48.5	100
740.931296	120	113.366	60	67.3	48.5	100
742.011876	120	113.49	60	67.3	48.5	100
743.121879	120	113.623	60	67.3	48.5	100
744.192573	120	113.774	60	67.3	48.5	100
745.262746	120	113.929	60	67.3	48.5	100
746.332288	120	114.067	60	67.3	48.5	100
747.413051	120	114.178	60	67.3	48.5	100
748.492628	120	114.307	60	67.3	48.5	100
749.563675	120	114.442	60	67.3	48.5	100
750.653677	120	114.564	60	67.3	48.5	100
751.793683	120	114.704	60	67.3	48.5	100
752.903676	120	114.83	60	67.3	48.5	100
753.97368	120	114.927	60	67.3	48.5	100
755.033858	120	115.036	60	67.3	48.5	100
756.114091	120	115.159	60	67.3	48.5	100
757.19509	120	115.306	60	67.3	48.5	100
758.275127	120	115.444	60	67.3	48.5	100
759.344993	120	115.581	60	67.3	48.5	100
760.424993	120	115.707	60	67.3	48.5	100
761.505688	120	115.85	60	67.3	48.5	100
762.575807	120	115.977	60	67.3	48.5	100
763.685811	120	116.061	60	67.3	48.5	100
764.80649	120	116.172	60	67.3	48.5	100
765.875941	120	116.276	60	67.3	48.5	100
766.936614	120	116.392	60	67.3	48.5	100
768.016666	120	116.522	60	67.3	48.5	100
769.096682	120	116.626	60	67.3	48.5	100
770.167205	120	116.751	60	67.3	48.5	100
771.227144	120	116.879	60	67.3	48.5	100
772.308146	120	117.012	60	67.3	48.5	100
773.387867	120	117.156	60	67.3	48.5	100
774.467738	120	117.273	60	67.3	48.5	100
775.548739	120	117.385	60	67.3	48.5	100
776.637995	120	117.494	60	67.3	48.5	100
777.769011	120	117.612	60	67.3	48.5	100
778.849015	120	117.73	60	67.3	48.5	100
779.929076	120	117.85	60	67.3	48.5	100
781.009215	120	117.993	60	67.3	48.5	100
782.090219	120	118.107	60	67.3	48.5	100
783.209927	120	118.24	60	67.3	48.5	100
784.280401	120	118.367	60	67.3	48.5	100
785.370407	120	118.492	60	67.3	48.5	100
786.440336	120	118.635	60	67.3	48.5	100
787.530468	118.748	118.758	60	67.3	48.5	100
788.620471	120	118.875	60	67.3	48.5	100
789.740882	120	118.944	60	67.3	48.5	100
790.821825	120	119.016	60	67.3	48.5	100
791.911558	120	119.166	60	67.3	48.5	100
793.041928	120	119.331	60	67.3	48.5	100
794.121854	120	119.453	60	67.3	48.5	100
795.202128	120	119.556	60	67.3	48.5	100
796.27306	120	119.66	60	67.3	48.5	100
797.342175	120	119.795	60	67.3	48.5	100
798.422178	120	119.92	60	67.3	48.5	100
799.502761	120	120.058	60	67.3	48.5	100
800.583086	120	120.186	60	67.3	48.5	100
801.693091	120	120.286	60	67.3	48.5	100
802.803855	120	120.392	60	67.3	48.5	100
803.883834	120	120.49	60	67.3	48.5	100
804.953838	120	120.599	60	67.3	48.5	100
806.034748	120	120.695	60	67.3	48.5	100
807.104101	120	120.816	60	67.3	48.5	100
808.184241	120	120.933	60	67.3	48.5	100
809.255183	120	121.051	60	67.3	48.5	100
810.334855	120	121.139	60	67.3	48.5	100
811.405626	120	121.247	60	67.3	48.5	100
812.48567	120	121.375	60	67.3	48.5	100
813.545675	120	121.52	60	67.3	48.5	100
814.645772	120	121.66	60	67.3	48.5	100
815.786335	120	121.787	60	67.3	48.5	100
816.84634	120	121.908	60	67.3	48.5	100
817.936725	120	122.022	80	67.3	48.5	100
818.996341	120	122.143	80	67.3	48.5	100
820.077347	120	122.314	80	67.3	48.5	100
821.146959	120	122.613	80	67.3	48.5	100
822.227315	120	123.044	80	67.3	48.5	100
823.317319	120	123.507	80	67.3	48.5	100
824.387946	120	124.038	80	67.3	48.5	100
825.447565	120	124.582	80	67.3	48.5	100
826.518187	120	125.064	80	67.3	48.5	100
827.618522	120	125.589	80	67.3	48.5	100
828.738405	120	126.13	80	67.3	48.5	100
829.819142	126.562	126.562	80	67.3	48.5	100
830.909158	120	127.026	80	67.3	48.5	100
831.998853	120	127.463	80	67.3	48.5	100
833.109258	120	127.897	80	67.3	48.5	100
834.180148	120	128.298	80	67.3	48.5	100
835.249629	120	128.653	80	67.3	48.5	100
836.329449	120	128.994	80	67.3	48.5	100
837.410452	120	129.374	80	67.3	48.5	100
838.480074	120	129.751	80	67.3	48.5	100
839.540418	120	130.113	80	67.3	48.5	100
840.641069	120	130.447	80	67.3	48.5	100
841.791364	120	130.781	80	67.3	48.5	100
842.911449	120	131.112	80	67.3	48.5	100
843.991391	120	131.426	80	67.3	48.5	100
845.071445	120	131.692	80	67.3	48.5	100
846.151764	120	131.961	80	67.3	48.5	100
847.231961	120	132.255	80	67.3	48.5	100
848.302232	120	132.592	80	67.3	48.5	100
849.382691	120	132.929	80	67.3	48.5	100
850.452695	120	133.243	80	67.3	48.5	100
851.532817	120	133.511	80	67.3	48.5	100
852.623175	120	133.826	80	67.3	48.5	100
853.743178	120	134.113	80	67.3	48.5	100
854.812992	120	134.361	80	67.3	48.5	100
855.883562	120	134.64	80	67.3	48.5	100
856.943564	120	134.936	80	67.3	48.5	100
858.024206	120	135.186	80	67.3	48.5	100
859.114749	120	135.466	80	67.3	48.5	100
860.184755	120	135.718	80	67.3	48.5	100
861.255128	120	135.96	80	67.3	48.5	100
862.334736	120	136.221	80	67.3	48.5	100
863.415485	120	136.493	80	67.3	48.5	100
864.485222	120	136.768	80	67.3	48.5	100
865.545257	120	137.051	80	67.3	48.5	100
866.646213	120	137.309	80	67.3	48.5	100
867.776183	120	137.561	80	67.3	48.5	100
868.84638	120	137.827	80	67.3	48.5	100
869.926221	120	138.047	80	67.3	48.5	100
871.017349	120	138.294	80	67.3	48.5	100
872.107273	120	138.556	80	67.3	48.5	100
873.226917	120	138.796	80	67.3	48.5	100
874.307641	120	139.061	80	67.3	48.5	100
875.387641	120	139.342	80	67.3	48.5	100
876.458155	120	139.616	80	67.3	48.5	100
877.537964	120	139.853	80	67.3	48.5	100
878.638198	120	140.127	80	67.3	48.5	100
879.75884	120	140.366	80	67.3	48.5	100
880.838092	120	140.577	80	67.3	48.5	100
881.938631	120	140.808	80	67.3	48.5	100
883.05924	120	141.012	80	67.3	48.5	100
884.139245	120	141.245	80	67.3	48.5	100
885.229661	120	141.499	80	67.3	48.5	100
886.309536	120	141.75	80	67.3	48.5	100
887.37954	120	141.987	80	67.3	48.5	100
888.450286	120	142.216	80	67.3	48.5	100
889.530388	120	142.421	80	67.3	48.5	100
890.620803	120	142.653	80	67.3	48.5	100
891.750679	120	142.868	80	67.3	48.5	100
892.860953	120	143.09	80	67.3	48.5	100
893.940907	120	143.343	80	67.3	48.5	100
895.011351	120	143.634	80	67.3	48.5	100
896.082002	120	143.892	80	67.3	48.5	100
897.151989	120	144.109	80	67.3	48.5	100
898.231475	120	144.308	80	67.3	48.5	100
899.311741	120	144.534	80	67.3	48.5	100
900.381707	120	144.783	80	67.3	48.5	100
901.452427	120	145.039	80	67.3	48.5	100
902.532341	120	145.276	80	67.3	48.5	100
903.622993	120	145.517	80	67.3	48.5	100
904.753151	120	145.75	80	67.3	48.5	100
905.833156	120	145.938	80	67.3	48.5	100
906.913515	120	146.178	80	67.3	48.5	100
907.983135	120	146.427	80	67.3	48.5	100
909.053658	120	146.643	80	67.3	48.5	100
910.124097	120	146.839	80	67.3	48.5	100
911.183756	120	147.071	80	67.3	48.5	100
912.264141	120	147.312	80	67.3	48.5	100
913.335292	120	147.525	80	67.3	48.5	100
914.404609	120	147.765	80	67.3	48.5	100
915.48554	120	147.999	80	67.3	48.5	100
916.565319	120	148.204	80	67.3	48.5	100
917.655594	120	148.4	80	67.3	48.5	100
918.775715	120	148.644	80	67.3	48.5	100
919.846273	120	148.888	80	67.3	48.5	100
920.926698	120	149.105	80	67.3	48.5	100
922.026042	120	149.337	80	67.3	48.5	100
923.136474	120	149.568	80	67.3	48.5	100
924.216937	120	149.799	80	67.3	48.5	100
925.286941	120	149.993	80	67.3	48.5	100
926.357742	120	150.201	80	67.3	48.5	100
927.438086	120	150.409	80	67.3	48.5	100
928.51809	120	150.625	80	67.3	48.5	100
929.588046	120	150.856	80	67.3	48.5	100
930.707722	120	151.09	80	67.3	48.5	100
931.838725	120	151.35	80	67.3	48.5	100
932.958794	120	151.564	80	67.3	48.5	100
934.039317	120	151.751	80	67.3	48.5	100
935.119319	120	151.989	80	67.3	48.5	100
936.188824	120	152.213	80	67.3	48.5	100
937.249451	120	152.424	80	67.3	48.5	100
938.32917	120	152.624	80	67.3	48.5	100
939.409968	120	152.846	80	67.3	48.5	100
940.490418	153.062	120	153.062	80	--	--
941.560128	120	153.234	80	67.3	48.5	100
942.680131	120	153.421	80	67.3	48.5	100
943.800353	120	153.644	80	67.3	48.5	100
944.881236	120	153.87	80	67.3	48.5	100
945.940646	120	154.085	80	67.3	48.5	100
947.021505	120	154.317	80	67.3	48.5	100
948.091329	120	154.559	80	67.3	48.5	100
949.151685	120	154.798	80	67.3	48.5	100
950.231691	120	155	80	67.3	48.5	100
951.311663	120	155.199	80	67.3	48.5	100
952.391669	120	155.383	80	67.3	48.5	100
953.46222	120	155.597	80	67.3	48.5	100
954.542898	120	155.772	80	67.3	48.5	100
955.632905	120	155.994	80	67.3	48.5	100
956.792696	120	156.205	80	67.3	48.5	100
957.862949	120	156.403	80	67.3	48.5	100
958.943956	120	156.616	80	67.3	48.5	100
960.023988	120	156.846	80	67.3	48.5	100
961.093783	120	157.035	80	67.3	48.5	100
962.193786	120	157.239	80	67.3	48.5	100
963.30445	120	157.456	80	67.3	48.5	100
964.384589	120	157.685	80	67.3	48.5	100
965.455093	120	157.93	80	67.3	48.5	100
966.534699	120	158.149	80	67.3	48.5	100
967.624985	120	158.369	80	67.3	48.5	100
968.745215	120	158.573	80	67.3	48.5	100
969.815219	120	158.793	80	67.3	48.5	100
970.895791	120	158.984	80	67.3	48.5	100
971.986212	120	159.173	80	67.3	48.5	100
973.095767	120	159.395	80	67.3	48.5	100
974.166947	120	159.62	80	67.3	48.5	100
975.256333	120	159.825	80	67.3	48.5	100
976.327229	120	160.01	80	67.3	48.5	100
977.39741	120	160.214	80	67.3	48.5	100
978.457332	120	160.426	80	67.3	48.5	100
979.537333	120	160.629	80	67.3	48.5	100
980.637712	120	160.851	80	67.3	48.5	100
981.768351	120	161.054	80	67.3	48.5	100
982.898354	120	161.267	80	67.3	48.5	100
983.968306	120	161.476	80	67.3	48.5	100
985.048776	120	161.644	80	67.3	48.5	100
986.118779	120	161.837	80	67.3	48.5	100
987.189347	120	162.032	80	67.3	48.5	100
988.25908	120	162.242	80	67.3	48.5	100
989.339082	120	162.441	80	67.3	48.5	100
990.41926	120	162.656	80	67.3	48.5	100
991.499869	120	162.872	80	67.3	48.5	100
992.56961	120	163.085	80	67.3	48.5	100
993.660551	120	163.29	80	67.3	48.5	100
994.770844	120	163.495	80	67.3	48.5	100
995.840398	120	163.668	80	67.3	48.5	100
996.920789	120	163.871	80	67.3	48.5	100
997.990816	120	164.086	80	67.3	48.5	100
999.060969	120	164.306	80	67.3	48.5	100
1000.131664	120	164.503	80	67.3	48.5	100
1001.201423	120	164.686	80	67.3	48.5	100
1002.272297	120	164.874	80	67.3	48.5	100
1003.342277	120	165.048	80	67.3	48.5	100
1004.412715	120	165.249	80	67.3	48.5	100
1005.482595	120	165.464	80	67.3	48.5	100
1006.552349	120	165.681	80	67.3	48.5	100
1007.653351	120	165.891	80	67.3	48.5	100
1008.762715	120	166.094	80	67.3	48.5	100
1009.843718	120	166.275	80	67.3	48.5	100
1010.923265	120	166.477	80	67.3	48.5	100
1012.01345	120	166.675	80	67.3	48.5	100
1013.113453	120	166.843	80	67.3	48.5	100
1014.184029	120	167.037	80	67.3	48.5	100
1015.244404	120	167.241	80	67.3	48.5	100
1016.324456	120	167.443	80	67.3	48.5	100
1017.394556	120	167.632	80	67.3	48.5	100
1018.455279	120	167.837	80	67.3	48.5	100
1019.535622	120	168.018	80	67.3	48.5	100
1020.63554	120	168.246	80	67.3	48.5	100
1021.785712	120	168.45	80	67.3	48.5	100
1022.896021	120	168.644	80	67.3	48.5	100
1023.965996	120	168.835	80	67.3	48.5	100
1025.046342	120	169.015	80	67.3	48.5	100
1026.126014	120	169.216	80	67.3	48.5	100
1027.19687	120	169.423	80	67.3	48.5	100
1028.266875	120	169.641	80	67.3	48.5	100
1029.356441	120	169.83	80	67.3	48.5	100
1030.437551	120	169.979	80	67.3	48.5	100
1031.517557	120	170.185	80	67.3	48.5	100
1032.587546	120	170.414	80	67.3	48.5	100
1033.717823	120	170.631	80	67.3	48.5	100
1034.827825	120	170.836	80	67.3	48.5	100
1035.898746	120	171.04	80	67.3	48.5	100
1036.958749	120	171.237	80	67.3	48.5	100
1038.039	120	171.41	80	67.3	48.5	100
1039.119397	120	171.61	80	67.3	48.5	100
1040.199404	120	171.797	80	67.3	48.5	100
1041.269044	120	171.961	80	67.3	48.5	100
1042.349075	120	172.127	80	67.3	48.5	100
1043.430078	120	172.318	80	67.3	48.5	100
1044.50033	120	172.508	80	67.3	48.5	100
1045.589979	120	172.701	80	67.3	48.5	100
1046.709983	120	172.906	80	67.3	48.5	100
1047.830089	120	173.113	80	67.3	48.5	100
1048.910985	120	173.308	80	67.3	48.5	100
1050.00099	120	173.494	80	67.3	48.5	100
1051.071266	120	173.672	80	67.3	48.5	100
1052.161659	120	173.876	80	67.3	48.5	100
1053.301896	120	174.092	80	67.3	48.5	100
1054.371335	120	174.265	80	67.3	48.5	100
1055.452097	120	174.413	80	67.3	48.5	100
1056.532003	120	174.608	80	67.3	48.5	100
1057.602466	120	174.812	80	67.3	48.5	100
1058.73247	120	175.018	80	67.3	48.5	100
1059.823082	120	175.222	80	67.3	48.5	100
1060.903482	120	175.418	80	67.3	48.5	100
1061.993484	120	175.615	80	67.3	48.5	100
1063.103638	120	175.803	80	67.3	48.5	100
1064.163644	120	175.982	80	67.3	48.5	100
1065.244294	120	176.144	80	67.3	48.5	100
1066.344278	120	176.322	80	67.3	48.5	100
1067.424276	120	176.506	80	67.3	48.5	100
1068.494529	120	176.69	80	67.3	48.5	100
1069.56447	120	176.895	80	67.3	48.5	100
1070.674478	120	177.104	80	67.3	48.5	100
1071.875325	120	177.306	80	67.3	48.5	100
1073.005669	120	177.489	80	67.3	48.5	100
1074.075675	120	177.671	80	67.3	48.5	100
1075.156413	120	177.822	80	67.3	48.5	100
1076.22582	120	177.986	80	67.3	48.5	100
1077.296349	120	178.18	80	67.3	48.5	100
1078.366135	120	178.381	80	67.3	48.5	100
1079.436379	120	178.556	80	67.3	48.5	100
1080.496518	120	178.736	80	67.3	48.5	100
1081.566787	120	178.926	80	67.3	48.5	100
1082.667147	120	179.12	80	67.3	48.5	100
1083.787757	120	179.302	80	67.3	48.5	100
1084.857376	120	179.475	80	67.3	48.5	100
1085.917714	120	179.66	80	67.3	48.5	100
1086.988226	120	179.835	80	67.3	48.5	100
1088.047826	120	180.013	80	67.3	48.5	100
1089.12799	120	180.21	80	67.3	48.5	100
1090.198434	120	180.397	80	67.3	48.5	100
1091.258306	120	180.588	80	67.3	48.5	100
1092.33864	120	180.761	80	67.3	48.5	100
1093.419454	120	180.97	80	67.3	48.5	100
1094.489455	120	181.152	80	67.3	48.5	100
1095.549459	120	181.3	80	67.3	48.5	100
1096.639743	120	181.499	80	67.3	48.5	100
1097.759748	120	181.693	80	67.3	48.5	100
1098.839836	120	181.872	80	67.3	48.5	100
1099.920737	120	182.071	80	67.3	48.5	100
1100.990745	120	182.261	80	67.3	48.5	100
1102.070726	120	182.438	80	67.3	48.5	100
1103.201161	120	182.606	80	67.3	48.5	100
1104.271374	120	182.778	80	67.3	48.5	100
1105.351965	120	182.952	80	67.3	48.5	100
1106.432016	120	183.163	80	67.3	48.5	100
1107.501676	120	183.353	80	67.3	48.5	100
1108.561757	120	183.528	80	67.3	48.5	100
1109.662899	120	183.689	80	67.3	48.5	100
1110.792272	120	183.847	80	67.3	48.5	100
1111.893217	120	184.028	80	67.3	48.5	100
1113.013222	120	184.211	80	67.3	48.5	100
1114.07302	120	184.409	80	67.3	48.5	100
1115.153861	120	184.578	80	67.3	48.5	100
1116.234196	120	184.764	80	67.3	48.5	100
1117.303971	120	184.936	80	67.3	48.5	100
1118.373609	120	185.083	80	67.3	48.5	100
1119.45461	120	185.227	80	67.3	48.5	100
1120.534117	120	185.427	80	67.3	48.5	100
1121.614736	120	185.646	80	67.3	48.5	100
1122.895341	120	185.851	100	67.3	48.5	100
1123.954867	120	186.051	100	67.3	48.5	100
1125.035869	120	186.385	100	67.3	48.5	100
1126.105562	120	186.851	100	67.3	48.5	100
1127.165547	120	187.4	100	67.3	48.5	100
1128.245552	120	187.938	100	67.3	48.5	100
1129.325726	120	188.536	100	67.3	48.5	100
1130.406492	120	189.142	100	67.3	48.5	100
1131.476496	120	189.737	100	67.3	48.5	100
1132.557456	120	190.266	100	67.3	48.5	100
1133.667445	120	190.893	100	67.3	48.5	100
1134.797447	120	191.429	100	67.3	48.5	100
1135.867191	120	191.973	100	67.3	48.5	100
1136.95726	120	192.465	100	67.3	48.5	100
1138.038183	120	192.974	100	67.3	48.5	100
1139.107835	120	193.47	100	67.3	48.5	100
1140.178138	120	193.954	100	67.3	48.5	100
1141.258491	120	194.375	100	67.3	48.5	100
1142.338293	120	194.834	100	67.3	48.5	100
1143.408821	120	195.292	100	67.3	48.5	100
1144.469078	120	195.713	100	67.3	48.5	100
1145.54915	120	196.095	100	67.3	48.5	100
1146.649154	120	196.573	100	67.3	48.5	100
1147.759921	120	196.964	100	67.3	48.5	100
1148.829565	120	197.387	100	67.3	48.5	100
1149.900285	120	197.807	100	67.3	48.5	100
1150.980336	120	198.214	100	67.3	48.5	100
1152.070999	120	198.618	100	67.3	48.5	100
1153.210945	120	199.03	100	67.3	48.5	100
1154.281074	120	199.403	100	67.3	48.5	100
1155.361077	120	199.755	100	67.3	48.5	100
1156.420843	120	200.168	100	67.3	48.5	100
1157.501863	120	200.558	100	67.3	48.5	100
1158.571868	120	200.946	100	67.3	48.5	100
1159.682153	120	201.321	100	67.3	48.5	100
1160.811789	120	201.686	100	67.3	48.5	100
1161.912052	120	202.065	100	67.3	48.5	100
1163.022834	120	202.443	100	67.3	48.5	100
1164.102961	120	202.797	100	67.3	48.5	100
1165.173652	120	203.156	100	67.3	48.5	100
1166.243252	120	203.471	100	67.3	48.5	100
1167.313724	120	203.807	100	67.3	48.5	100
1168.383898	120	204.156	100	67.3	48.5	100
1169.45351	120	204.467	100	67.3	48.5	100
1170.533875	120	204.809	100	67.3	48.5	100
1171.614481	120	205.15	100	67.3	48.5	100
1172.744383	120	205.488	100	67.3	48.5	100
1173.814896	120	205.798	100	67.3	48.5	100
1174.884986	120	206.126	100	67.3	48.5	100
1175.95467	120	206.423	100	67.3	48.5	100
1177.015208	120	206.761	100	67.3	48.5	100
1178.095691	120	207.102	100	67.3	48.5	100
1179.166056	120	207.439	100	67.3	48.5	100
1180.246156	120	207.74	100	67.3	48.5	100
1181.326451	120	208.026	100	67.3	48.5	100
1182.396003	120	208.35	100	67.3	48.5	100
1183.466455	120	208.686	100	67.3	48.5	100
1184.546579	120	209.012	100	67.3	48.5	100
1185.646588	120	209.394	100	67.3	48.5	100
1186.756748	120	209.685	100	67.3	48.5	100
1187.837612	120	209.938	100	67.3	48.5	100
1188.907614	120	210.236	100	67.3	48.5	100
1189.978026	120	210.593	100	67.3	48.5	100
1191.048282	120	210.879	100	67.3	48.5	100
1192.138441	120	211.223	100	67.3	48.5	100
1193.258445	120	211.576	100	67.3	48.5	100
1194.339066	120	211.899	100	67.3	48.5	100
1195.409091	120	212.214	100	67.3	48.5	100
1196.469096	120	212.556	100	67.3	48.5	100
1197.549739	120	212.877	100	67.3	48.5	100
1198.639722	120	213.184	100	67.3	48.5	100
1199.77022	120	213.534	100	67.3	48.5	100
1200.849795	120	213.838	100	67.3	48.5	100
1201.940133	120	214.164	100	67.3	48.5	100
1203.059765	120	214.473	100	67.3	48.5	100
1204.140794	120	214.779	100	67.3	48.5	100
1205.211365	120	215.064	100	67.3	48.5	100
1206.281365	120	215.369	100	67.3	48.5	100
1207.361292	120	215.67	100	67.3	48.5	100
1208.441297	120	216	100	67.3	48.5	100
1209.511302	120	216.33	100	67.3	48.5	100
1210.572469	120	216.656	100	67.3	48.5	100
1211.68235	120	216.954	100	67.3	48.5	100
1212.802356	120	217.238	100	67.3	48.5	100
1213.872356	120	217.568	100	67.3	48.5	100
1214.9623	120	217.86	100	67.3	48.5	100
1216.042305	120	218.132	100	67.3	48.5	100
1217.113308	120	218.438	100	67.3	48.5	100
1218.182996	120	218.776	100	67.3	48.5	100
1219.263	120	219.018	219.042	219.042	--	--
1220.344004	120	219.309	100	67.3	48.5	100
1221.414015	120	219.636	100	67.3	48.5	100
1222.474028	120	219.959	100	67.3	48.5	100
1223.554033	120	220.229	100	67.3	48.5	100
1224.655034	120	220.524	100	67.3	48.5	100
1225.77455	120	220.84	100	67.3	48.5	100
1226.854555	120	221.114	100	67.3	48.5	100
1227.935553	120	221.443	100	67.3	48.5	100
1229.015336	120	221.742	100	67.3	48.5	100
1230.085562	120	222.03	100	67.3	48.5	100
1231.165567	120	222.309	100	67.3	48.5	100
1232.265571	120	222.674	100	67.3	48.5	100
1233.355672	120	222.94	100	67.3	48.5	100
1234.446674	120	223.244	100	67.3	48.5	100
1235.536682	120	223.518	100	67.3	48.5	100
1236.606448	120	223.808	100	67.3	48.5	100
1237.737452	120	224.124	100	67.3	48.5	100
1238.817455	120	224.401	100	67.3	48.5	100
1239.887239	120	224.692	100	67.3	48.5	100
1240.967736	120	224.968	100	67.3	48.5	100
1242.047739	120	225.255	100	67.3	48.5	100
1243.168028	120	225.565	100	67.3	48.5	100
1244.238431	120	225.893	100	67.3	48.5	100
1245.308436	120	226.212	100	67.3	48.5	100
1246.37896	120	226.525	100	67.3	48.5	100
1247.448478	120	226.806	100	67.3	48.5	100
1248.51948	120	227.075	100	67.3	48.5	100
1249.589484	120	227.351	100	67.3	48.5	100
1250.699669	120	227.64	100	67.3	48.5	100
1251.80967	120	227.948	100	67.3	48.5	100
1252.919673	120	228.212	100	67.3	48.5	100
1253.98969	120	228.504	100	67.3	48.5	100
1255.050694	120	228.796	100	67.3	48.5	100
1256.120696	120	229.124	100	67.3	48.5	100
1257.190477	120	229.427	100	67.3	48.5	100
1258.270479	120	229.692	100	67.3	48.5	100
1259.351487	120	229.951	100	67.3	48.5	100
1260.421317	120	230.205	100	67.3	48.5	100
1261.491325	120	230.516	100	67.3	48.5	100
1262.551324	120	230.749	100	67.3	48.5	100
1263.632351	120	231.01	100	67.3	48.5	100
1264.762683	120	231.315	100	67.3	48.5	100
1265.84269	120	231.647	100	67.3	48.5	100
1266.912932	120	231.946	100	67.3	48.5	100
1267.983079	120	232.181	100	67.3	48.5	100
1269.073245	120	232.468	100	67.3	48.5	100
1270.153253	120	232.753	100	67.3	48.5	100
1271.233586	120	233.045	100	67.3	48.5	100
1272.313108	120	233.344	100	67.3	48.5	100
1273.404109	120	233.647	100	67.3	48.5	100
1274.473472	120	233.918	100	67.3	48.5	100
1275.55407	120	234.192	100	67.3	48.5	100
1276.644474	120	234.461	100	67.3	48.5	100
1277.755196	120	234.724	100	67.3	48.5	100
1278.835081	120	234.969	100	67.3	48.5	100
1279.915085	120	235.264	100	67.3	48.5	100
1280.984953	120	235.59	100	67.3	48.5	100
1282.075306	120	235.886	100	67.3	48.5	100
1283.205896	120	236.135	100	67.3	48.5	100
1284.276109	120	236.396	100	67.3	48.5	100
1285.355757	120	236.673	100	67.3	48.5	100
1286.436382	120	236.95	100	67.3	48.5	100
1287.506799	120	237.209	100	67.3	48.5	100
1288.576299	120	237.518	100	67.3	48.5	100
1289.686696	120	237.775	100	67.3	48.5	100
1290.807151	120	238.034	100	67.3	48.5	100
1291.907106	120	238.324	100	67.3	48.5	100
1293.017138	120	238.623	100	67.3	48.5	100
1294.088117	120	238.931	100	67.3	48.5	100
1295.167804	120	239.204	100	67.3	48.5	100
1296.248221	120	239.516	100	67.3	48.5	100
1297.318061	120	239.806	100	67.3	48.5	100
1298.378793	120	240.065	100	67.3	48.5	100
1299.458622	120	240.297	100	67.3	48.5	100
1300.538944	120	240.575	100	67.3	48.5	100
1301.628949	120	240.869	100	67.3	48.5	100
1302.749593	120	241.119	100	67.3	48.5	100
1303.819597	120	241.383	100	67.3	48.5	100
1304.889601	120	241.695	241.695	67.3	48.5	100
1305.969898	120	241.971	100	67.3	48.5	100
1307.049901	120	242.257	100	67.3	48.5	100
1308.120902	120	242.54	100	67.3	48.5	100
1309.180947	120	242.775	100	67.3	48.5	100
1310.261209	120	243.02	100	67.3	48.5	100
1311.341214	120	243.29	100	67.3	48.5	100
1312.421645	120	243.564	100	67.3	48.5	100
1313.491198	120	243.859	100	67.3	48.5	100
1314.572202	120	244.117	100	67.3	48.5	100
1315.682054	120	244.419	100	67.3	48.5	100
1316.792528	120	244.689	100	67.3	48.5	100
1317.872535	120	244.868	100	67.3	48.5	100
1318.952749	120	245.111	100	67.3	48.5	100
1320.023083	245.413	245.413	100	67.3	48.5	100
1321.123087	120	245.693	100	67.3	48.5	100
1322.223614	120	245.979	100	67.3	48.5	100
1323.343095	120	246.275	100	67.3	48.5	100
1324.423044	120	246.556	100	67.3	48.5	100
1325.513661	120	246.831	100	67.3	48.5	100
1326.583794	120	247.097	100	67.3	48.5	100
1327.714886	120	247.361	100	67.3	48.5	100
1328.834786	120	247.618	100	67.3	48.5	100
1329.894093	120	247.878	100	67.3	48.5	100
1330.975155	120	248.124	100	67.3	48.5	100
1332.074854	120	248.403	100	67.3	48.5	100
1333.195279	120	248.695	100	67.3	48.5	100
1334.265168	120	248.931	100	67.3	48.5	100
1335.34517	120	249.197	100	67.3	48.5	100
1336.416173	120	249.453	100	67.3	48.5	100
1337.485979	120	249.717	100	67.3	48.5	100
1338.575984	120	249.957	100	67.3	48.5	100
1339.67613	120	250.246	100	67.3	48.5	100
1340.797033	120	250.521	100	67.3	48.5	100
1341.887044	120	250.806	100	67.3	48.5	100
1342.996738	120	251.044	100	67.3	48.5	100
1344.067026	120	251.279	100	67.3	48.5	100
1345.147781	120	251.525	100	67.3	48.5	100
1346.217631	120	251.788	100	67.3	48.5	100
1347.287638	120	252.052	100	67.3	48.5	100
1348.35806	120	252.305	100	67.3	48.5	100
1349.427989	120	252.581	100	67.3	48.5	100
1350.50807	120	252.869	100	67.3	48.5	100
1351.569074	120	253.095	100	67.3	48.5	100
1352.668986	120	253.368	100	67.3	48.5	100
1353.78909	120	253.623	100	67.3	48.5	100
1354.869182	120	253.824	100	67.3	48.5	100
1355.949342	120	254.097	100	67.3	48.5	100
1357.020061	120	254.395	100	67.3	48.5	100
1358.08037	120	254.667	100	67.3	48.5	100
1359.160113	120	254.879	100	67.3	48.5	100
1360.240721	120	255.107	100	255.129	--	--
1361.340279	120	255.371	100	67.3	48.5	100
1362.410893	120	255.652	100	67.3	48.5	100
1363.481663	120	255.917	100	67.3	48.5	100
1364.561664	120	256.13	100	67.3	48.5	100
1365.661031	120	256.389	100	67.3	48.5	100
1366.78195	120	256.66	100	67.3	48.5	100
1367.862234	120	256.909	100	67.3	48.5	100
1368.944855	120	257.103	100	67.3	48.5	100
1370.022277	120	257.338	100	67.3	48.5	100
1371.092282	120	257.637	100	67.3	48.5	100
1372.182353	120	257.909	100	67.3	48.5	100
1373.312595	120	258.17	100	67.3	48.5	100
1374.383595	120	258.444	100	67.3	48.5	100
1375.463416	120	258.681	100	67.3	48.5	100
1376.543078	120	258.928	100	67.3	48.5	100
1377.644076	120	259.179	100	67.3	48.5	100
1378.773646	120	259.418	100	67.3	48.5	100
1379.853883	120	259.686	100	67.3	48.5	100
1380.933886	120	259.966	100	67.3	48.5	100
1382.03481	120	260.225	100	67.3	48.5	100
1383.154825	120	260.481	100	67.3	48.5	100
1384.224828	120	260.714	100	67.3	48.5	100
1385.295515	120	260.972	100	67.3	48.5	100
1386.375695	120	261.208	100	67.3	48.5	100
1387.455698	120	261.465	100	67.3	48.5	100
1388.525708	120	261.728	100	67.3	48.5	100
1389.586536	120	261.955	100	67.3	48.5	100
1390.726541	120	262.191	100	67.3	48.5	100
1391.84655	120	262.437	100	67.3	48.5	100
1392.966815	120	262.713	100	67.3	48.5	100
1394.047082	120	262.974	100	67.3	48.5	100
1395.116582	120	263.221	100	67.3	48.5	100
1396.187348	120	263.465	100	67.3	48.5	100
1397.277369	120	263.698	100	67.3	48.5	100
1398.357732	120	263.963	100	67.3	48.5	100
1399.437813	120	264.224	100	67.3	48.5	100
1400.498005	120	264.436	264.436	264.436	--	--
1401.59808	120	264.691	100	67.3	48.5	100
1402.748357	120	264.945	100	67.3	48.5	100
1403.829239	120	265.163	100	67.3	48.5	100
1404.898778	120	265.392	100	67.3	48.5	100
1405.978775	120	265.611	100	67.3	48.5	100
1407.039581	120	265.881	100	67.3	48.5	100
1408.120035	120	266.157	100	67.3	48.5	100
1409.19004	120	266.385	100	67.3	48.5	100
1410.270041	120	266.586	100	67.3	48.5	100
1411.350504	120	266.832	100	67.3	48.5	100
1412.430508	120	267.091	100	67.3	48.5	100
1413.500513	120	267.37	100	67.3	48.5	100
1414.580761	120	267.595	100	67.3	48.5	100
1415.691614	120	267.871	267.871	67.3	48.5	100
1416.841097	120	268.07	100	67.3	48.5	100
1417.921546	120	268.322	100	67.3	48.5	100
1418.991651	120	268.578	100	67.3	48.5	100
1420.052423	120	268.811	100	67.3	48.5	100
1421.13186	120	269.081	100	67.3	48.5	100
1422.212598	120	269.347	100	67.3	48.5	100
1423.322205	120	269.594	100	67.3	48.5	100
1424.393032	120	269.826	100	67.3	48.5	100
1425.463316	120	270.04	100	67.3	48.5	100
1426.533505	120	270.275	100	67.3	48.5	100
1427.62317	120	270.485	100	67.3	48.5	100
1428.744152	120	270.754	100	67.3	48.5	100
1429.813823	120	271.028	100	67.3	48.5	100
1430.874064	120	271.256	100	67.3	48.5	100
1431.97408	120	271.531	100	67.3	48.5	100
1433.08446	120	271.74	100	67.3	48.5	100
1434.164932	120	271.958	100	67.3	48.5	100
1435.224934	120	272.232	100	67.3	48.5	100
1436.294846	120	272.469	100	67.3	48.5	100
1437.374846	120	272.675	100	67.3	48.5	100
1438.455297	120	272.931	100	67.3	48.5	100
1439.525994	120	273.172	100	67.3	48.5	100
1440.595994	120	273.401	100	67.3	48.5	100
1441.736077	120	273.652	100	67.3	48.5	100
1442.846173	120	273.882	100	67.3	48.5	100
1443.916787	120	274.134	100	67.3	48.5	100
1444.986485	120	274.385	100	67.3	48.5	100
1446.066505	120	274.608	100	67.3	48.5	100
1447.14712	120	274.838	100	67.3	48.5	100
1448.217065	120	275.043	100	67.3	48.5	100
1449.287894	120	275.3	100	67.3	48.5	100
1450.367668	120	275.519	100	67.3	48.5	100
1451.447814	120	275.747	100	67.3	48.5	100
1452.518474	120	275.99	100	67.3	48.5	100
1453.578615	120	276.192	100	67.3	48.5	100
1454.688725	120	276.45	100	67.3	48.5	100
1455.799064	120	276.718	100	67.3	48.5	100
1456.879086	120	276.962	100	67.3	48.5	100
1457.958768	120	277.219	100	67.3	48.5	100
1459.02925	120	277.469	100	67.3	48.5	100
1460.100029	120	277.716	100	67.3	48.5	100
1461.169901	120	277.905	100	67.3	48.5	100
1462.280416	120	278.131	100	67.3	48.5	100
1463.350245	120	278.38	100	67.3	48.5	100
1464.420665	120	278.628	100	67.3	48.5	100
1465.481035	120	278.802	100	67.3	48.5	100
1466.560523	120	279.039	100	67.3	48.5	100
1467.651497	120	279.308	100	67.3	48.5	100
1468.771569	120	279.545	100	67.3	48.5	100
1469.851554	120	279.755	100	67.3	48.5	100
1470.922081	120	279.997	100	67.3	48.5	100
1472.022085	120	280.241	100	67.3	48.5	100
1473.141762	120	280.468	100	67.3	48.5	100
1474.222388	120	280.714	100	67.3	48.5	100
1475.302391	120	280.983	100	67.3	48.5	100
1476.38248	120	281.218	100	67.3	48.5	100
1477.462573	120	281.435	100	67.3	48.5	100
1478.533574	120	281.609	100	67.3	48.5	100
1479.623697	120	281.822	100	67.3	48.5	100
1480.753027	120	282.087	100	67.3	48.5	100
1481.853899	120	282.319	100	67.3	48.5	100
1482.964276	120	282.53	100	67.3	48.5	100
1484.033743	120	282.763	100	67.3	48.5	100
1485.094425	120	283.016	100	67.3	48.5	100
1486.174952	120	283.244	100	67.3	48.5	100
1487.265242	120	283.506	100	67.3	48.5	100
1488.334742	120	283.734	100	67.3	48.5	100
1489.404783	120	283.962	100	67.3	48.5	100
1490.485689	120	284.187	100	67.3	48.5	100
1491.566072	120	284.398	100	67.3	48.5	100
1492.675487	120	284.655	100	67.3	48.5	100
1493.805888	120	284.861	100	67.3	48.5	100
1494.88591	120	285.051	100	67.3	48.5	100
1495.956733	120	285.305	100	67.3	48.5	100
1497.04181	120	285.554	100	67.3	48.5	100
1498.138472	120	285.796	100	67.3	48.5	100
1499.206793	120	286.03	100	67.3	48.5	100
1500.287795	120	286.269	100	67.3	48.5	100
1501.377771	120	286.463	100	67.3	48.5	100
1502.457656	120	286.682	100	67.3	48.5	100
1503.537661	120	286.915	100	67.3	48.5	100
1504.628202	120	287.145	100	67.3	48.5	100
1505.748205	120	287.379	100	67.3	48.5	100
1506.80821	120	287.631	100	67.3	48.5	100
1507.878585	120	287.846	100	67.3	48.5	100
1508.958589	120	288.075	100	67.3	48.5	100
1510.029824	120	288.316	100	67.3	48.5	100
1511.109923	120	288.518	100	67.3	48.5	100
1512.199925	120	288.729	100	67.3	48.5	100
1513.309742	120	288.979	100	67.3	48.5	100
1514.370132	120	289.201	100	67.3	48.5	100
1515.440124	120	289.429	100	67.3	48.5	100
1516.51059	120	289.652	100	67.3	48.5	100
1517.59083	120	289.858	100	67.3	48.5	100
1518.700743	120	290.05	100	67.3	48.5	100
1519.831098	120	290.278	100	67.3	48.5	100
1520.901715	120	290.532	100	67.3	48.5	100
1521.981617	120	290.777	100	67.3	48.5	100
1523.092094	120	291.026	100	67.3	48.5	100
1524.172013	120	291.234	100	67.3	48.5	100
1525.252363	120	291.45	100	67.3	48.5	100
1526.332064	120	291.685	100	67.3	48.5	100
1527.403083	120	291.922	100	67.3	48.5	100
1528.482762	120	292.138	100	67.3	48.5	100
1529.562726	120	292.35	100	67.3	48.5	100
1530.663743	120	292.537	100	67.3	48.5	100
1531.803136	120	292.796	100	67.3	48.5	100
1532.9333	120	292.992	100	67.3	48.5	100
1534.024326	120	293.22	100	67.3	48.5	100
1535.094377	120	293.459	100	67.3	48.5	100
1536.174337	120	293.651	100	67.3	48.5	100
1537.254356	120	293.892	100	67.3	48.5	100
1538.325227	120	294.148	100	67.3	48.5	100
1539.384701	120	294.342	100	67.3	48.5	100
1540.465721	120	294.559	100	67.3	48.5	100
1541.53578	120	294.784	100	67.3	48.5	100
1542.596407	120	295.025	100	67.3	48.5	100
1543.736428	120	295.277	100	67.3	48.5	100
1544.826677	120	295.47	100	67.3	48.5	100
1545.886662	120	295.641	100	67.3	48.5	100
1546.966729	120	295.878	100	67.3	48.5	100
1548.037203	120	296.107	100	67.3	48.5	100
1549.096856	120	296.341	100	67.3	48.5	100
1550.17716	120	296.526	100	67.3	48.5	100
1551.257948	120	296.739	100	67.3	48.5	100
1552.337542	120	296.974	100	67.3	48.5	100
1553.407957	120	297.232	100	67.3	48.5	100
1554.488583	120	297.446	100	67.3	48.5	100
1555.5681	120	297.64	100	67.3	48.5	100
1556.679043	120	297.868	100	67.3	48.5	100
1557.808903	120	298.085	100	67.3	48.5	100
1558.889162	120	298.306	100	67.3	48.5	100
1559.968905	120	298.496	100	67.3	48.5	100
1561.039922	120	298.716	100	67.3	48.5	100
1562.139943	120	298.964	100	67.3	48.5	100
1563.250106	120	299.174	100	67.3	48.5	100
1564.330124	120	299.391	100	67.3	48.5	100
1565.400913	120	299.618	100	67.3	48.5	100
1566.481134	120	299.827	100	67.3	48.5	100
1567.561155	120	300.058	100	67.3	48.5	100
1568.651296	120	300.291	100	67.3	48.5	100
1569.771559	120	300.516	100	67.3	48.5	100
1570.841578	120	300.715	100	67.3	48.5	100
1571.94189	120	300.86	100	67.3	48.5	100
1573.051867	120	301.074	100	67.3	48.5	100
1574.132887	120	301.335	100	67.3	48.5	100
1575.202906	120	301.561	100	67.3	48.5	100
1576.282757	120	301.766	100	67.3	48.5	100
1577.363401	120	301.969	100	67.3	48.5	100
1578.444178	120	302.199	100	67.3	48.5	100
1579.513017	120	302.418	100	67.3	48.5	100
1580.594208	120	302.635	100	67.3	48.5	100
1581.743886	120	302.843	100	67.3	48.5	100
1582.853882	120	303.061	100	67.3	48.5	100
1583.933955	120	303.278	100	67.3	48.5	100
1585.005132	120	303.501	100	67.3	48.5	100
1586.08515	120	303.708	100	67.3	48.5	100
1587.165182	120	303.9	100	67.3	48.5	100
1588.245816	120	304.083	100	67.3	48.5	100
1589.315835	120	304.283	100	67.3	48.5	100
1590.395733	120	304.482	100	67.3	48.5	100
1591.455442	120	304.718	100	67.3	48.5	100
1592.536459	120	304.947	100	67.3	48.5	100
1593.616786	120	305.168	100	67.3	48.5	100
1594.746539	120	305.4	100	67.3	48.5	100
1595.8067	120	305.552	100	67.3	48.5	100
1596.877298	120	305.728	100	67.3	48.5	100
1597.937289	120	305.967	100	67.3	48.5	100
1599.007399	120	306.224	100	67.3	48.5	100
1600.077418	120	306.393	100	67.3	48.5	100
1601.137789	120	306.57	100	67.3	48.5	100
1602.218275	120	306.811	100	67.3	48.5	100
1603.338306	120	307.031	100	67.3	48.5	100
1604.409025	120	307.193	100	67.3	48.5	100
1605.478565	120	307.381	100	67.3	48.5	100
1606.539095	120	307.637	100	67.3	48.5	100
1607.619317	120	307.871	100	67.3	48.5	100
1608.759621	120	308.079	100	67.3	48.5	100
1609.82973	120	308.291	100	67.3	48.5	100
1610.899977	120	308.497	100	67.3	48.5	100
1611.989995	120	308.73	100	67.3	48.5	100
1613.100805	120	308.955	100	67.3	48.5	100
1614.180961	120	309.139	100	67.3	48.5	100
1615.260979	120	309.35	100	67.3	48.5	100
1616.341001	120	309.564	100	67.3	48.5	100
1617.411687	120	309.762	100	67.3	48.5	100
1618.491365	120	309.962	100	67.3	48.5	100
1619.571433	120	310.194	100	67.3	48.5	100
1620.672214	120	310.408	100	67.3	48.5	100
1621.813319	120	310.636	100	67.3	48.5	100
1622.942199	120	310.854	100	67.3	48.5	100
1624.013029	120	311.062	100	67.3	48.5	100
1625.092977	120	311.212	100	67.3	48.5	100
1626.173395	120	311.403	100	67.3	48.5	100
1627.243413	120	311.629	100	67.3	48.5	100
1628.303218	120	311.849	100	67.3	48.5	100
1629.383927	120	312.048	100	67.3	48.5	100
1630.463945	120	312.268	100	67.3	48.5	100
1631.543913	120	312.497	100	67.3	48.5	100
1632.634712	120	312.697	100	67.3	48.5	100
1633.755191	120	312.877	100	67.3	48.5	100
1634.815055	120	313.079	100	67.3	48.5	100
1635.895266	120	313.26	100	67.3	48.5	100
1636.975374	120	313.493	100	67.3	48.5	100
1638.045738	120	313.735	100	67.3	48.5	100
1639.115754	120	313.92	100	67.3	48.5	100
1640.19573	120	314.109	100	67.3	48.5	100
1641.276624	120	314.331	100	67.3	48.5	100
1642.34616	120	314.523	100	67.3	48.5	100
1643.41711	120	314.693	100	67.3	48.5	100
1644.496573	120	314.894	100	67.3	48.5	100
1645.576915	120	315.116	100	67.3	48.5	100
1646.687546	120	315.355	100	67.3	48.5	100
1647.797127	120	315.542	100	67.3	48.5	100
1648.877608	120	315.733	100	67.3	48.5	100
1649.948239	120	315.943	100	67.3	48.5	100
1651.008063	120	316.159	100	67.3	48.5	100
1652.108704	120	316.351	100	67.3	48.5	100
1653.218412	120	316.576	100	67.3	48.5	100
1654.299431	120	316.761	100	67.3	48.5	100
1655.378869	120	316.953	100	67.3	48.5	100
1656.448717	120	317.164	100	67.3	48.5	100
1657.509738	120	317.378	100	67.3	48.5	100
1658.590353	120	317.581	100	67.3	48.5	100
1659.727507	120	317.809	100	67.3	48.5	100
1660.810528	120	318.008	100	67.3	48.5	100
1661.91072	120	318.224	100	67.3	48.5	100
1663.020352	120	318.448	100	67.3	48.5	100
1664.101039	120	318.638	100	67.3	48.5	100
1665.181316	120	318.833	100	67.3	48.5	100
1666.251664	120	319.034	100	67.3	48.5	100
1667.311707	120	319.189	100	67.3	48.5	100
1668.392018	120	319.342	100	67.3	48.5	100
1669.471495	120	319.56	100	67.3	48.5	100
1670.552124	120	319.755	100	67.3	48.5	100
1671.643092	120	319.925	100	67.3	48.5	100
1672.762548	120	320.139	100	67.3	48.5	100
1673.84246	120	320.349	100	67.3	48.5	100
1674.913422	120	320.566	100	67.3	48.5	100
1675.993903	120	320.769	100	67.3	48.5	100
1677.073619	120	320.98	100	67.3	48.5	100
1678.144068	120	321.196	100	67.3	48.5	100
1679.213521	120	321.425	100	67.3	48.5	100
1680.284005	120	321.585	100	67.3	48.5	100
1681.354692	120	321.774	100	67.3	48.5	100
1682.424619	120	321.979	100	67.3	48.5	100
1683.494642	120	322.157	100	67.3	48.5	100
1684.57566	120	322.333	100	67.3	48.5	100
1685.685738	120	322.545	100	67.3	48.5	100
1686.805639	120	322.744	100	67.3	48.5	100
1687.875655	120	322.923	100	67.3	48.5	100
1688.955731	120	323.136	100	67.3	48.5	100
1690.016125	120	323.373	100	67.3	48.5	100
1691.086141	120	323.562	100	67.3	48.5	100
1692.166749	120	323.727	100	67.3	48.5	100
1693.276567	120	323.928	100	67.3	48.5	100
1694.347641	120	324.119	100	67.3	48.5	100
1695.407313	120	324.305	100	67.3	48.5	100
1696.487367	120	324.463	100	67.3	48.5	100
1697.567386	120	324.664	100	67.3	48.5	100
1698.667692	120	324.88	100	67.3	48.5	100
1699.778248	120	325.098	100	67.3	48.5	100
1700.848826	120	325.282	100	67.3	48.5	100
1701.918401	120	325.441	100	67.3	48.5	100
1703.03842	120	325.656	100	67.3	48.5	100
1704.099016	120	325.858	100	67.3	48.5	100
1705.179508	120	326.057	100	67.3	48.5	100
1706.25	120	326.252	100	67.3	48.5	100
1707.310021	120	326.419	100	67.3	48.5	100
1708.399912	120	326.599	100	67.3	48.5	100
1709.480316	120	326.781	100	67.3	48.5	100
1710.560336	120	326.973	100	67.3	48.5	100
1711.66052	120	327.211	100	67.3	48.5	100
1712.780651	120	327.436	100	67.3	48.5	100
1713.850672	120	327.66	100	67.3	48.5	100
1714.921711	120	327.822	100	67.3	48.5	100
1716.00199	120	327.977	100	67.3	48.5	100
1717.08163	120	328.165	100	67.3	48.5	100
1718.152646	120	328.361	100	67.3	48.5	100
1719.212055	120	328.548	100	67.3	48.5	100
1720.292072	120	328.734	100	67.3	48.5	100
1721.372872	120	328.931	100	67.3	48.5	100
1722.453125	120	329.139	100	67.3	48.5	100
1723.523144	120	329.324	100	67.3	48.5	100
1724.603291	120	329.531	100	67.3	48.5	100
1725.743969	120	329.715	100	67.3	48.5	100
1726.823983	120	329.924	100	67.3	48.5	100
1727.903968	120	330.121	100	67.3	48.5	100
1728.984555	120	330.334	100	67.3	48.5	100
1730.054574	120	330.548	100	67.3	48.5	100
1731.114941	120	330.76	100	67.3	48.5	100
1732.214895	120	330.953	100	67.3	48.5	100
1733.355483	120	331.114	100	67.3	48.5	100
1734.424895	120	331.312	100	67.3	48.5	100
1735.505128	120	331.502	100	67.3	48.5	100
1736.585884	120	331.684	100	67.3	48.5	100
1737.705501	120	331.874	100	67.3	48.5	100
1738.816522	120	332.066	100	67.3	48.5	100
1739.886153	120	332.282	100	67.3	48.5	100
1740.956923	120	332.466	100	67.3	48.5	100
1742.056943	120	332.625	100	67.3	48.5	100
1743.177526	120	332.824	100	67.3	48.5	100
1744.247141	120	333.051	100	67.3	48.5	100
1745.31816	120	333.247	100	67.3	48.5	100
1746.39791	120	333.422	100	67.3	48.5	100
1747.477731	120	333.603	100	67.3	48.5	100
1748.558305	120	333.785	100	67.3	48.5	100
1749.648489	120	333.936	100	67.3	48.5	100
1750.758509	120	334.102	100	67.3	48.5	100
1751.858684	120	334.289	100	67.3	48.5	100
1752.978795	120	334.477	100	67.3	48.5	100
1754.059823	120	334.702	100	67.3	48.5	100
1755.120344	120	334.91	100	67.3	48.5	100
1756.199086	120	335.115	100	67.3	48.5	100
1757.284933	120	335.354	100	67.3	48.5	100
1758.400276	120	335.527	100	67.3	48.5	100
1759.480374	120	335.681	100	67.3	48.5	100
1760.560977	120	335.84	100	67.3	48.5	100
1761.650719	120	336.021	100	67.3	48.5	100
1762.771611	120	336.224	100	67.3	48.5	100
1763.831262	120	336.416	100	67.3	48.5	100
1764.901888	120	336.6	100	67.3	48.5	100
1765.981908	120	336.786	100	67.3	48.5	100
1767.051994	120	336.958	100	67.3	48.5	100
1768.121896	120	337.124	100	67.3	48.5	100
1769.202911	120	337.297	100	67.3	48.5	100
1770.293263	120	337.488	100	67.3	48.5	100
1771.363094	120	337.674	100	67.3	48.5	100
1772.433111	120	337.844	100	67.3	48.5	100
1773.50376	120	338.004	100	67.3	48.5	100
1774.583341	120	338.203	100	67.3	48.5	100
1775.693935	120	338.382	100	67.3	48.5	100
1776.804291	120	338.558	100	67.3	48.5	100
1777.864602	120	338.802	100	67.3	48.5	100
1778.944482	120	339.028	100	67.3	48.5	100
1780.014721	120	339.176	100	67.3	48.5	100
1781.095276	120	339.327	100	67.3	48.5	100
1782.18487	120	339.533	100	67.3	48.5	100
1783.295915	120	339.734	100	67.3	48.5	100
1784.385271	120	339.945	100	67.3	48.5	100
1785.465718	120	340.169	100	67.3	48.5	100
1786.545561	120	340.359	100	67.3	48.5	100
1787.616048	120	340.497	100	67.3	48.5	100
1788.757019	120	340.644	100	67.3	48.5	100
1789.826669	120	340.826	100	67.3	48.5	100
1790.906657	120	340.989	100	67.3	48.5	100
1792.007817	120	341.204	100	67.3	48.5	100
1793.127834	120	341.439	100	67.3	48.5	100
1794.20753	120	341.596	100	67.3	48.5	100
1795.287794	120	341.772	100	67.3	48.5	100
1796.357818	120	341.929	100	67.3	48.5	100
1797.41783	120	342.126	100	67.3	48.5	100
1798.509086	120	342.285	100	67.3	48.5	100
1799.589105	120	342.469	100	67.3	48.5	100
1800.709125	120	342.673	100	67.3	48.5	100
1801.858835	120	342.791	100	67.3	48.5	100
1802.979633	120	342.97	100	67.3	48.5	100
1804.059656	120	343.23	100	67.3	48.5	100
1805.11943	120	343.416	100	67.3	48.5	100
1806.200468	120	343.597	100	67.3	48.5	100
1807.280486	120	343.812	100	67.3	48.5	100
1808.36006	120	343.945	100	67.3	48.5	100
1809.431306	120	344.135	100	67.3	48.5	100
1810.511328	120	344.322	100	67.3	48.5	100
1811.591345	120	344.525	100	67.3	48.5	100
1812.72124	120	344.725	100	67.3	48.5	100
1813.831257	120	344.904	100	67.3	48.5	100
1814.912276	120	345.098	100	67.3	48.5	100
1815.992347	120	345.296	100	67.3	48.5	100
1817.062361	120	345.449	100	67.3	48.5	100
1818.13238	120	345.62	100	67.3	48.5	100
1819.222881	120	345.82	100	67.3	48.5	100
1820.302498	120	345.99	100	67.3	48.5	100
1821.383516	120	346.155	100	67.3	48.5	100
1822.453444	120	346.317	100	67.3	48.5	100
1823.52346	120	346.443	100	67.3	48.5	100
1824.603478	120	346.622	100	67.3	48.5	100
1825.724208	120	346.817	100	67.3	48.5	100
1826.823964	120	347.041	100	67.3	48.5	100
1827.90508	120	347.259	100	67.3	48.5	100
1828.985063	120	347.428	100	67.3	48.5	100
1830.064762	120	347.623	100	67.3	48.5	100
1831.135887	120	347.796	100	67.3	48.5	100
1832.22496	120	347.969	100	67.3	48.5	100
1833.365595	120	348.157	100	67.3	48.5	100
1834.435705	120	348.338	100	67.3	48.5	100
1835.515876	120	348.441	100	67.3	48.5	100
1836.596647	120	348.597	100	67.3	48.5	100
1837.706602	120	348.817	100	67.3	48.5	100
1838.816669	120	349.021	100	67.3	48.5	100
1839.887594	120	349.213	100	67.3	48.5	100
1840.967022	120	349.408	100	67.3	48.5	100
1842.058008	120	349.606	100	67.3	48.5	100
1843.177923	120	349.744	100	67.3	48.5	100
1844.238307	120	349.854	100	67.3	48.5	100
1845.318326	120	350.035	100	67.3	48.5	100
1846.388497	120	350.267	100	67.3	48.5	100
1847.468348	120	350.497	100	67.3	48.5	100
1848.539361	120	350.699	100	67.3	48.5	100
1849.628977	120	350.885	100	67.3	48.5	100
1850.739357	120	351.019	100	67.3	48.5	100
1851.839374	120	351.159	100	67.3	48.5	100
1852.969519	120	351.372	100	67.3	48.5	100
1854.050431	120	351.527	100	67.3	48.5	100
1855.13045	120	351.649	100	67.3	48.5	100
1856.21003	120	351.831	100	67.3	48.5	100
1857.290461	120	352.09	100	67.3	48.5	100
1858.371204	120	352.321	100	67.3	48.5	100
1859.450936	120	352.454	100	67.3	48.5	100
1860.53106	120	352.616	100	67.3	48.5	100
1861.591054	120	352.774	100	67.3	48.5	100
1862.701693	120	352.973	100	67.3	48.5	100
1863.811414	120	353.114	100	67.3	48.5	100
1864.882758	120	353.265	100	67.3	48.5	100
1865.952323	120	353.487	100	67.3	48.5	100
1867.022339	120	353.674	100	67.3	48.5	100
1868.113267	120	353.847	100	67.3	48.5	100
1869.192868	120	354.036	100	67.3	48.5	100
1870.273581	120	354.182	100	67.3	48.5	100
1871.333296	120	354.359	100	67.3	48.5	100
1872.413893	120	354.564	100	67.3	48.5	100
1873.494412	120	354.719	100	67.3	48.5	100
1874.563622	120	354.872	100	67.3	48.5	100
1875.655003	120	355.069	100	67.3	48.5	100
1876.764923	120	355.27	100	67.3	48.5	100
1877.85446	120	355.451	100	67.3	48.5	100
1878.925465	120	355.639	100	67.3	48.5	100
1880.005601	120	355.793	100	67.3	48.5	100
1881.08524	120	355.964	100	67.3	48.5	100
1882.175895	120	356.153	100	67.3	48.5	100
1883.296195	120	356.312	100	67.3	48.5	100
1884.366112	120	356.479	100	67.3	48.5	100
1885.436774	120	356.671	100	67.3	48.5	100
1886.526401	120	356.816	100	67.3	48.5	100
1887.597086	120	356.987	100	67.3	48.5	100
1888.727116	120	357.185	100	67.3	48.5	100
1889.827525	120	357.402	100	67.3	48.5	100
1890.907547	120	357.586	100	67.3	48.5	100
1891.99807	120	357.778	100	67.3	48.5	100
1893.108161	120	357.954	100	67.3	48.5	100
1894.188178	120	358.131	100	67.3	48.5	100
1895.268294	120	358.276	100	67.3	48.5	100
1896.338661	120	358.413	100	67.3	48.5	100
1897.419084	120	358.552	100	67.3	48.5	100
1898.498879	120	358.767	100	67.3	48.5	100
1899.56947	120	358.945	100	67.3	48.5	100
1900.669487	120	359.112	100	67.3	48.5	100
1901.799828	120	359.291	100	67.3	48.5	100
1902.909662	120	359.474	100	67.3	48.5	100
1903.990679	120	359.687	100	67.3	48.5	100
1905.070699	120	359.859	100	67.3	48.5	100
1906.140901	120	360.035	100	67.3	48.5	100
1907.220921	120	360.158	100	67.3	48.5	100
1908.300579	120	360.332	100	67.3	48.5	100
1909.370771	120	360.519	100	67.3	48.5	100
1910.441784	120	360.701	100	67.3	48.5	100
1911.521202	120	360.857	100	67.3	48.5	100
1912.591887	120	361.015	100	67.3	48.5	100
1913.721716	120	361.24	100	67.3	48.5	100
1914.832037	120	361.415	100	67.3	48.5	100
1915.912594	120	361.533	100	67.3	48.5	100
1916.992393	120	361.679	100	67.3	48.5	100
1918.063333	120	361.85	100	67.3	48.5	100
1919.132954	120	361.998	100	67.3	48.5	100
1920.213851	120	362.188	100	67.3	48.5	100
1921.303877	120	362.404	100	67.3	48.5	100
1922.374204	120	362.529	100	67.3	48.5	100
1923.444376	120	362.665	100	67.3	48.5	100
1924.524086	120	362.856	100	67.3	48.5	100
1925.604103	120	363.074	100	67.3	48.5	100
1926.735108	120	363.318	100	67.3	48.5	100
1927.83581	120	363.487	100	67.3	48.5	100
1928.915826	120	363.621	100	67.3	48.5	100
1929.995434	120	363.788	100	67.3	48.5	100
1931.076118	120	363.958	100	67.3	48.5	100
1932.176138	120	364.149	100	67.3	48.5	100
1933.296754	120	364.323	100	67.3	48.5	100
1934.366402	120	364.41	100	67.3	48.5	100
1935.436423	120	364.553	100	67.3	48.5	100
1936.506604	120	364.747	100	67.3	48.5	100
1937.577241	120	364.948	100	67.3	48.5	100
1938.667418	120	365.158	100	67.3	48.5	100
1939.777297	120	365.36	100	67.3	48.5	100
1940.857965	120	365.494	100	67.3	48.5	100
1941.947595	120	365.664	100	67.3	48.5	100
1943.05762	120	365.838	100	67.3	48.5	100
1944.128638	120	365.976	100	67.3	48.5	100
1945.198653	120	366.117	100	67.3	48.5	100
1946.268925	120	366.291	100	67.3	48.5	100
1947.339243	120	366.415	100	67.3	48.5	100
1948.399259	120	366.551	100	67.3	48.5	100
1949.469279	120	366.779	100	67.3	48.5	100
1950.549531	120	366.995	100	67.3	48.5	100
1951.620603	120	367.14	100	67.3	48.5	100
1952.749712	120	367.3	100	67.3	48.5	100
1953.820726	120	367.425	100	67.3	48.5	100
1954.900424	120	367.618	100	67.3	48.5	100
1955.971	120	367.819	100	67.3	48.5	100
1957.040659	120	368.031	100	67.3	48.5	100
1958.122681	120	368.199	100	67.3	48.5	100
1959.201775	120	368.369	100	67.3	48.5	100
1960.271577	120	368.499	100	67.3	48.5	100
1961.341597	120	368.676	100	67.3	48.5	100
1962.421613	120	368.862	100	67.3	48.5	100
1963.502506	120	369.021	100	67.3	48.5	100
1964.572429	120	369.177	100	67.3	48.5	100
1965.672448	120	369.339	100	67.3	48.5	100
1966.782951	120	369.536	100	67.3	48.5	100
1967.863829	120	369.669	100	67.3	48.5	100
1968.933848	120	369.813	100	67.3	48.5	100
1970.013866	120	369.962	100	67.3	48.5	100
1971.094049	120	370.1	100	67.3	48.5	100
1972.194063	120	370.297	100	67.3	48.5	100
1973.31408	120	370.521	100	67.3	48.5	100
1974.395025	120	370.743	100	67.3	48.5	100
1975.465044	120	370.911	100	67.3	48.5	100
1976.53506	120	371.053	100	67.3	48.5	100
1977.63541	120	371.236	100	67.3	48.5	100
1978.765429	120	371.378	100	67.3	48.5	100
1979.835448	120	371.507	100	67.3	48.5	100
1980.916007	120	371.655	100	67.3	48.5	100
1982.016021	120	371.861	100	67.3	48.5	100
1983.14704	120	371.992	100	67.3	48.5	100
1984.226722	120	372.075	100	67.3	48.5	100
1985.306937	120	372.253	100	67.3	48.5	100
1986.376953	120	372.484	100	67.3	48.5	100
1987.447037	120	372.723	100	67.3	48.5	100
1988.528045	120	372.923	100	67.3	48.5	100
1989.608067	120	373.07	100	67.3	48.5	100
1990.737589	120	373.219	100	67.3	48.5	100
1991.838627	120	373.399	100	67.3	48.5	100
1992.968645	120	373.575	100	67.3	48.5	100
1994.038664	120	373.712	100	67.3	48.5	100
1995.109168	120	373.784	100	67.3	48.5	100
1996.179569	120	373.92	100	67.3	48.5	100
1997.249587	120	374.131	100	67.3	48.5	100
1998.319609	120	374.327	100	67.3	48.5	100
1999.389723	120	374.52	100	67.3	48.5	100
2000.469742	120	374.663	100	67.3	48.5	100
2001.539758	120	374.832	100	67.3	48.5	100
2002.620779	120	374.97	100	67.3	48.5	100
2003.750371	120	375.115	100	67.3	48.5	100
2004.82078	120	375.291	100	67.3	48.5	100
2005.9508	120	375.461	100	67.3	48.5	100
2007.031149	120	375.632	100	67.3	48.5	100
2008.114212	120	375.808	100	67.3	48.5	100
2009.18223	120	375.979	100	67.3	48.5	100
2010.243249	120	376.163	100	67.3	48.5	100
2011.381932	120	376.343	100	67.3	48.5	100
2012.453371	120	376.515	100	67.3	48.5	100
2013.533388	120	376.641	100	67.3	48.5	100
2014.592405	120	376.828	100	67.3	48.5	100
2015.723657	120	377.054	100	67.3	48.5	100
2016.833675	120	377.207	100	67.3	48.5	100
2017.893698	120	377.319	100	67.3	48.5	100
2018.973692	120	377.476	100	67.3	48.5	100
2020.04371	120	377.67	100	67.3	48.5	100
2021.123728	120	377.833	100	67.3	48.5	100
2022.214	120	378.023	100	67.3	48.5	100
2023.324066	120	378.17	100	67.3	48.5	100
2024.415084	120	378.317	100	67.3	48.5	100
2025.484574	120	378.491	100	67.3	48.5	100
2026.555643	120	378.657	100	67.3	48.5	100
2027.645657	120	378.777	100	67.3	48.5	100
2028.755675	120	378.952	100	67.3	48.5	100
2029.835771	120	379.139	100	67.3	48.5	100
2030.905788	120	379.267	100	67.3	48.5	100
2031.986809	120	379.42	100	67.3	48.5	100
2033.096827	120	379.627	100	67.3	48.5	100
2034.166749	120	379.767	100	67.3	48.5	100
2035.227516	120	379.866	100	67.3	48.5	100
2036.297538	120	380.012	100	67.3	48.5	100
2037.357552	120	380.165	100	67.3	48.5	100
2038.428074	120	380.362	100	67.3	48.5	100
2039.488092	120	380.587	100	67.3	48.5	100
2040.568111	120	380.773	100	67.3	48.5	100
2041.648003	120	380.9	100	67.3	48.5	100
2042.76802	120	381.035	100	67.3	48.5	100
2043.839042	120	381.195	100	67.3	48.5	100
2044.919418	120	381.353	100	67.3	48.5	100
2046.009739	120	381.533	100	67.3	48.5	100
2047.089755	120	381.713	100	67.3	48.5	100
2048.169775	120	381.882	100	67.3	48.5	100
2049.229594	120	381.977	100	67.3	48.5	100
2050.309611	120	382.076	100	67.3	48.5	100
2051.380442	120	382.27	100	67.3	48.5	100
2052.440406	120	382.448	100	67.3	48.5	100
2053.520418	120	382.567	100	67.3	48.5	100
2054.601346	120	382.744	100	67.3	48.5	100
2055.7307	120	382.967	100	67.3	48.5	100
2056.821714	120	383.161	100	67.3	48.5	100
2057.90202	120	383.366	100	67.3	48.5	100
2058.981844	120	383.55	100	67.3	48.5	100
2060.051703	120	383.664	100	67.3	48.5	100
2061.132515	120	383.734	100	67.3	48.5	100
2062.233036	120	383.908	100	67.3	48.5	100
2063.373051	120	384.096	100	67.3	48.5	100
2064.442525	120	384.222	100	67.3	48.5	100
2065.523542	120	384.349	100	67.3	48.5	100
2066.603138	120	384.533	100	67.3	48.5	100
2067.743653	120	384.722	100	67.3	48.5	100
2068.83367	120	384.848	100	67.3	48.5	100
2069.914688	120	385.022	100	67.3	48.5	100
2070.984091	120	385.214	100	67.3	48.5	100
2072.07414	120	385.368	100	67.3	48.5	100
2073.195158	120	385.52	100	67.3	48.5	100
2074.255358	120	385.688	100	67.3	48.5	100
2075.335267	120	385.855	100	67.3	48.5	100
2076.41577	120	385.995	100	67.3	48.5	100
2077.485801	120	386.136	100	67.3	48.5	100
2078.55641	120	386.326	100	67.3	48.5	100
2079.646428	120	386.498	100	67.3	48.5	100
2080.756495	120	386.615	100	67.3	48.5	100
2081.856832	120	386.776	100	67.3	48.5	100
2082.986846	120	386.956	100	67.3	48.5	100
2084.056717	120	387.156	100	67.3	48.5	100
2085.137268	120	387.312	100	67.3	48.5	100
2086.228002	120	387.461	100	67.3	48.5	100
2087.307383	120	387.623	100	67.3	48.5	100
2088.388515	120	387.802	100	67.3	48.5	100
2089.478534	120	387.969	100	67.3	48.5	100
2090.548969	120	388.113	100	67.3	48.5	100
2091.641948	120	388.26	100	67.3	48.5	100
2092.748901	120	388.387	100	67.3	48.5	100
2093.82903	120	388.544	100	67.3	48.5	100
2094.90995	120	388.735	100	67.3	48.5	100
2095.989637	120	388.857	100	67.3	48.5	100
2097.059921	120	388.955	100	67.3	48.5	100
2098.139707	120	389.099	100	67.3	48.5	100
2099.220439	120	389.278	100	67.3	48.5	100
2100.289935	120	389.472	100	67.3	48.5	100
2101.350335	120	389.638	100	67.3	48.5	100
2102.431351	120	389.784	100	67.3	48.5	100
2103.511349	120	389.936	100	67.3	48.5	100
2104.591186	120	390.058	100	67.3	48.5	100
2105.711721	120	390.229	100	67.3	48.5	100
2106.811259	120	390.419	100	67.3	48.5	100
2107.882122	120	390.569	100	67.3	48.5	100
2108.94171	120	390.722	100	67.3	48.5	100
2110.012724	120	390.853	100	67.3	48.5	100
2111.082521	120	390.994	100	67.3	48.5	100
2112.182716	120	391.18	100	67.3	48.5	100
2113.312734	120	391.349	100	67.3	48.5	100
2114.383281	120	391.521	100	67.3	48.5	100
2115.463252	120	391.679	100	67.3	48.5	100
2116.543267	120	391.794	100	67.3	48.5	100
2117.633883	120	391.976	100	67.3	48.5	100
2118.743813	120	392.132	100	67.3	48.5	100
2119.823831	120	392.262	100	67.3	48.5	100
2120.894306	120	392.43	100	67.3	48.5	100
2121.975324	120	392.586	100	67.3	48.5	100
2123.085338	120	392.757	100	67.3	48.5	100
2124.144951	120	392.956	100	67.3	48.5	100
2125.225229	120	393.08	100	67.3	48.5	100
2126.295947	120	393.201	100	67.3	48.5	100
2127.356719	120	393.36	100	67.3	48.5	100
2128.446309	120	393.537	100	67.3	48.5	100
2129.525777	120	393.681	100	67.3	48.5	100
2130.606405	120	393.823	100	67.3	48.5	100
2131.727126	120	393.989	100	67.3	48.5	100
2132.837117	120	394.109	100	67.3	48.5	100
2133.917386	120	394.195	100	67.3	48.5	100
2134.987532	120	394.365	100	67.3	48.5	100
2136.057887	120	394.549	100	67.3	48.5	100
2137.138029	120	394.701	100	67.3	48.5	100
2138.218287	120	394.891	100	67.3	48.5	100
2139.288096	120	395.035	100	67.3	48.5	100
2140.358764	120	395.157	100	67.3	48.5	100
2141.438781	120	395.293	100	67.3	48.5	100
2142.519072	120	395.447	100	67.3	48.5	100
2143.589058	120	395.603	100	67.3	48.5	100
2144.709028	120	395.767	100	67.3	48.5	100
2145.819954	120	395.93	100	67.3	48.5	100
2146.890037	120	396.067	100	67.3	48.5	100
2147.949541	120	396.249	100	67.3	48.5	100
2149.030364	120	396.435	100	67.3	48.5	100
2150.110239	120	396.567	100	67.3	48.5	100
2151.190275	120	396.666	100	67.3	48.5	100
2152.290878	120	396.821	100	67.3	48.5	100
2153.351043	120	396.989	100	67.3	48.5	100
2154.44154	120	397.144	100	67.3	48.5	100
2155.522248	120	397.307	100	67.3	48.5	100
2156.591612	120	397.47	100	67.3	48.5	100
2157.712436	120	397.601	100	67.3	48.5	100
2158.831944	120	397.734	100	67.3	48.5	100
2159.911959	120	397.896	100	67.3	48.5	100
2160.98259	120	398.033	100	67.3	48.5	100
2162.052607	120	398.174	100	67.3	48.5	100
2163.182622	120	398.346	100	67.3	48.5	100
2164.253131	120	398.508	100	67.3	48.5	100
2165.333481	120	398.67	100	67.3	48.5	100
2166.413491	120	398.84	100	67.3	48.5	100
2167.484305	120	399	100	67.3	48.5	100
2168.553846	120	399.122	100	67.3	48.5	100
2169.654864	120	399.256	100	67.3	48.5	100
2170.784482	120	399.424	100	67.3	48.5	100
2171.885228	120	399.621	100	67.3	48.5	100
2173.005113	120	399.795	100	67.3	48.5	100
2174.08513	120	399.913	100	67.3	48.5	100
2175.165203	120	400.008	100	67.3	48.5	100
2176.245573	120	400.137	100	67.3	48.5	100
2177.32659	120	400.299	100	67.3	48.5	100
2178.396393	120	400.485	100	67.3	48.5	100
2179.466109	120	400.626	100	67.3	48.5	100
2180.546659	120	400.745	100	67.3	48.5	100
2181.646678	120	400.919	100	67.3	48.5	100
2182.767489	120	401.094	100	67.3	48.5	100
2183.847609	120	401.248	100	67.3	48.5	100
2184.917315	120	401.406	100	67.3	48.5	100
2185.997499	120	401.54	100	67.3	48.5	100
2187.058409	120	401.691	100	67.3	48.5	100
2188.138106	120	401.799	100	67.3	48.5	100
2189.218651	120	401.895	100	67.3	48.5	100
2190.298368	120	402.05	100	67.3	48.5	100
2191.369074	120	402.204	100	67.3	48.5	100
2192.44966	120	402.364	100	67.3	48.5	100
2193.51915	120	402.553	100	67.3	48.5	100
2194.589779	120	402.723	100	67.3	48.5	100
2195.699796	120	402.843	100	67.3	48.5	100
2196.820476	120	402.945	100	67.3	48.5	100
2197.890741	120	403.088	100	67.3	48.5	100
2198.960758	120	403.247	100	67.3	48.5	100
2200.040826	120	403.424	100	67.3	48.5	100
2201.12078	120	403.59	100	67.3	48.5	100
2202.200802	120	403.742	100	67.3	48.5	100
2203.291812	120	403.926	100	67.3	48.5	100
2204.351352	120	404.083	100	67.3	48.5	100
2205.422367	120	404.226	100	67.3	48.5	100
2206.502388	120	404.356	100	67.3	48.5	100
2207.562524	120	404.503	100	67.3	48.5	100
2208.642542	120	404.656	100	67.3	48.5	100
2209.752557	120	404.789	100	67.3	48.5	100
2210.822778	120	404.925	100	67.3	48.5	100
2211.912719	120	405.063	100	67.3	48.5	100
2213.023	120	405.226	100	67.3	48.5	100
2214.093549	120	405.381	100	67.3	48.5	100
2215.153358	120	405.534	100	67.3	48.5	100
2216.233484	120	405.684	100	67.3	48.5	100
2217.314194	120	405.831	100	67.3	48.5	100
2218.38407	120	405.961	100	67.3	48.5	100
2219.444109	120	406.095	100	67.3	48.5	100
2220.524699	120	406.251	100	67.3	48.5	100
2221.595174	120	406.422	100	67.3	48.5	100
2222.715109	120	406.528	100	67.3	48.5	100
2223.835267	120	406.596	100	67.3	48.5	100
2224.915875	120	406.737	100	67.3	48.5	100
2225.985775	120	406.935	100	67.3	48.5	100
2227.056538	120	407.1	100	67.3	48.5	100
2228.136398	120	407.222	100	67.3	48.5	100
2229.216591	120	407.379	100	67.3	48.5	100
2230.287227	120	407.549	100	67.3	48.5	100
2231.346702	120	407.667	100	67.3	48.5	100
2232.427333	120	407.766	100	67.3	48.5	100
2233.497161	120	407.906	100	67.3	48.5	100
2234.557982	120	408.108	100	67.3	48.5	100
2235.658325	120	408.3	100	67.3	48.5	100
2236.788018	120	408.44	100	67.3	48.5	100
2237.858796	120	408.594	100	67.3	48.5	100
2238.938693	120	408.728	100	67.3	48.5	100
2240.019269	120	408.863	100	67.3	48.5	100
2241.099501	120	408.998	100	67.3	48.5	100
2242.189657	120	409.159	100	67.3	48.5	100
2243.299921	120	409.308	100	67.3	48.5	100
2244.370295	120	409.453	100	67.3	48.5	100
2245.439967	120	409.631	100	67.3	48.5	100
2246.519761	120	409.81	100	67.3	48.5	100
2247.59178	120	409.907	100	67.3	48.5	100
2248.711002	120	409.997	100	67.3	48.5	100
2249.821177	120	410.113	100	67.3	48.5	100
2250.900881	120	410.281	100	67.3	48.5	100
2251.991429	120	410.458	100	67.3	48.5	100
2253.101455	120	410.597	100	67.3	48.5	100
2254.192111	120	410.704	100	67.3	48.5	100
2255.262597	120	410.854	100	67.3	48.5	100
2256.342775	120	411.013	100	67.3	48.5	100
2257.422377	120	411.179	100	67.3	48.5	100
2258.492231	120	411.319	100	67.3	48.5	100
2259.563025	120	411.464	100	67.3	48.5	100
2260.663091	120	411.631	100	67.3	48.5	100
2261.813327	120	411.746	100	67.3	48.5	100
2262.923615	120	411.853	100	67.3	48.5	100
2264.003416	120	411.926	100	67.3	48.5	100
2265.074432	120	412.036	100	67.3	48.5	100
2266.154556	120	412.191	100	67.3	48.5	100
2267.234139	120	412.358	100	67.3	48.5	100
2268.30509	120	412.554	100	67.3	48.5	100
2269.394507	120	412.758	100	67.3	48.5	100
2270.464713	120	412.918	100	67.3	48.5	100
2271.54488	120	413.037	100	67.3	48.5	100
2272.635601	120	413.158	100	67.3	48.5	100
2273.7657	120	413.301	100	67.3	48.5	100
2274.846294	120	413.423	100	67.3	48.5	100
2275.926316	120	413.527	100	67.3	48.5	100
2277.006236	120	413.673	100	67.3	48.5	100
2278.09694	120	413.815	100	67.3	48.5	100
2279.166442	120	413.962	100	67.3	48.5	100
2280.246454	120	414.091	100	67.3	48.5	100
2281.327316	120	414.191	100	67.3	48.5	100
2282.396922	120	414.334	100	67.3	48.5	100
2283.468467	120	414.519	100	67.3	48.5	100
2284.538064	120	414.67	100	67.3	48.5	100
2285.598343	120	414.806	100	67.3	48.5	100
2286.708164	120	414.935	100	67.3	48.5	100
2287.808832	120	415.084	100	67.3	48.5	100
2288.869017	120	415.244	100	67.3	48.5	100
2289.938978	120	415.381	100	67.3	48.5	100
2290.999623	120	415.521	100	67.3	48.5	100
2292.079658	120	415.641	100	67.3	48.5	100
2293.199216	120	415.735	100	67.3	48.5	100
2294.280229	120	415.877	100	67.3	48.5	100
2295.350248	120	416.042	100	67.3	48.5	100
2296.440282	120	416.203	100	67.3	48.5	100
2297.520616	120	416.339	100	67.3	48.5	100
2298.591181	120	416.483	100	67.3	48.5	100
2299.700839	120	416.633	100	67.3	48.5	100
2300.802166	120	416.778	100	67.3	48.5	100
2301.891471	120	416.897	100	67.3	48.5	100
2303.002192	120	417.037	100	67.3	48.5	100
2304.072102	120	417.207	100	67.3	48.5	100
2305.15217	120	417.324	100	67.3	48.5	100
2306.232765	120	417.421	100	67.3	48.5	100
2307.302261	120	417.553	100	67.3	48.5	100
2308.362965	120	417.708	100	67.3	48.5	100
2309.452999	120	417.843	100	67.3	48.5	100
2310.533126	120	417.999	100	67.3	48.5	100
2311.623504	120	418.143	100	67.3	48.5	100
2312.753892	120	418.31	100	67.3	48.5	100
2313.833875	120	418.483	100	67.3	48.5	100
2314.904328	120	418.615	100	67.3	48.5	100
2315.974502	120	418.687	100	67.3	48.5	100
2317.054524	120	418.738	100	67.3	48.5	100
2318.135162	120	418.875	100	67.3	48.5	100
2319.205413	120	419.085	100	67.3	48.5	100
2320.265108	120	419.267	100	67.3	48.5	100
2321.345189	120	419.415	100	67.3	48.5	100
2322.425208	120	419.571	100	67.3	48.5	100
2323.50588	120	419.693	100	67.3	48.5	100
2324.575709	120	419.826	100	67.3	48.5	100
2325.695918	120	419.966	100	67.3	48.5	100
2326.806232	120	420.111	100	67.3	48.5	100
2327.877393	120	420.232	100	67.3	48.5	100
2328.956862	120	420.35	100	67.3	48.5	100
2330.037848	120	420.499	100	67.3	48.5	100
2331.107327	120	420.658	100	67.3	48.5	100
2332.197775	120	420.83	100	67.3	48.5	100
2333.30796	120	420.96	100	67.3	48.5	100
2334.377675	120	421.089	100	67.3	48.5	100
2335.458751	120	421.22	100	67.3	48.5	100
2336.53844	120	421.382	100	67.3	48.5	100
2337.608855	120	421.547	100	67.3	48.5	100
2338.749078	120	421.668	100	67.3	48.5	100
2339.828946	120	421.775	100	67.3	48.5	100
2340.899748	120	421.881	100	67.3	48.5	100
2341.999581	120	422.035	100	67.3	48.5	100
2343.109984	120	422.196	100	67.3	48.5	100
2344.18008	120	422.341	100	67.3	48.5	100
2345.259901	120	422.459	100	67.3	48.5	100
2346.34084	120	422.577	100	67.3	48.5	100
2347.410578	120	422.698	100	67.3	48.5	100
2348.470421	120	422.833	100	67.3	48.5	100
2349.551436	120	422.955	100	67.3	48.5	100
2350.651621	120	423.149	100	67.3	48.5	100
2351.801515	120	423.298	100	67.3	48.5	100
2352.911534	120	423.402	100	67.3	48.5	100
2353.982443	120	423.544	100	67.3	48.5	100
2355.062131	120	423.675	100	67.3	48.5	100
2356.12225	120	423.796	100	67.3	48.5	100
2357.202564	120	423.939	100	67.3	48.5	100
2358.272985	120	424.108	100	67.3	48.5	100
2359.353072	120	424.224	100	67.3	48.5	100
2360.433598	120	424.358	100	67.3	48.5	100
2361.513503	120	424.525	100	67.3	48.5	100
2362.583306	120	424.691	100	67.3	48.5	100
2363.713737	120	424.799	100	67.3	48.5	100
2364.83465	120	424.909	100	67.3	48.5	100
2365.90483	120	425.068	100	67.3	48.5	100
2366.975029	120	425.228	100	67.3	48.5	100
2368.054515	120	425.353	100	67.3	48.5	100
2369.135635	120	425.436	100	67.3	48.5	100
2370.215671	120	425.541	100	67.3	48.5	100
2371.285642	120	425.717	100	67.3	48.5	100
2372.355484	120	425.858	100	67.3	48.5	100
2373.436212	120	426.007	100	67.3	48.5	100
2374.516227	120	426.185	100	67.3	48.5	100
2375.576137	120	426.305	100	67.3	48.5	100
2376.676152	120	426.402	100	67.3	48.5	100
2377.787181	120	426.54	100	67.3	48.5	100
2378.847308	120	426.666	100	67.3	48.5	100
2379.917409	120	426.793	100	67.3	48.5	100
2380.977426	120	426.927	100	67.3	48.5	100
2382.077614	120	427.036	100	67.3	48.5	100
2383.197702	120	427.151	100	67.3	48.5	100
2384.267719	120	427.324	100	67.3	48.5	100
2385.348316	120	427.456	100	67.3	48.5	100
2386.418885	120	427.602	100	67.3	48.5	100
2387.499179	120	427.764	100	67.3	48.5	100
2388.579374	120	427.896	100	67.3	48.5	100
2389.689783	120	428.044	100	67.3	48.5	100
2390.800006	120	428.168	100	67.3	48.5	100
2391.879766	120	428.287	100	67.3	48.5	100
2393.00979	120	428.423	100	67.3	48.5	100
2394.0998	120	428.546	100	67.3	48.5	100
2395.170934	120	428.664	100	67.3	48.5	100
2396.251274	120	428.802	100	67.3	48.5	100
2397.331137	120	428.965	100	67.3	48.5	100
2398.401238	120	429.073	100	67.3	48.5	100
2399.470997	120	429.215	100	67.3	48.5	100
2400.552011	120	429.363	100	67.3	48.5	100
