Time(s),SetTemp(K),Temp(K),HeatPower,P,I,D
0.000000,+180.000,+180.013,+050.3,+0067.3,+0048.5,+100.0
1.107016,+180.000,+180.010,+050.3,+0067.3,+0048.5,+100.0
2.211028,+180.000,+180.010,+050.2,+0067.3,+0048.5,+100.0
3.281961,+180.000,+180.016,+050.1,+0067.3,+0048.5,+100.0
4.361974,+180.000,+180.010,+050.4,+0067.3,+0048.5,+100.0
5.441989,+180.000,+180.000,+050.4,+0067.3,+0048.5,+100.0
6.532490,+180.000,+180.010,+050.0,+0067.3,+0048.5,+100.0
7.612502,+180.000,+180.019,+050.1,+0067.3,+0048.5,+100.0
8.682515,+180.000,+180.016,+050.2,+0067.3,+0048.5,+100.0
9.784861,+180.000,+179.998,+050.7,+0067.3,+0048.5,+100.0
10.935625,+180.000,+179.977,+050.9,+0067.3,+0048.5,+100.0
12.054640,+180.000,+179.962,+051.2,+0067.3,+0048.5,+100.0
13.144653,+180.000,+179.964,+050.8,+0067.3,+0048.5,+100.0
14.217690,+180.000,+179.981,+050.6,+0067.3,+0048.5,+100.0
15.283965,+180.000,+179.994,+050.3,+0067.3,+0048.5,+100.0
16.364676,+180.000,+180.006,+050.2,+0067.3,+0048.5,+100.0
17.434351,+180.000,+180.007,+050.5,+0067.3,+0048.5,+100.0
18.514367,+180.000,+179.986,+050.7,+0067.3,+0048.5,+100.0
19.607326,+180.000,+179.985,+050.6,+0067.3,+0048.5,+100.0
20.685582,+180.000,+179.998,+050.3,+0067.3,+0048.5,+100.0
21.765595,+180.000,+180.005,+050.2,+0067.3,+0048.5,+100.0
22.915894,+180.000,+180.021,+049.9,+0067.3,+0048.5,+100.0
23.986214,+180.000,+180.035,+049.8,+0067.3,+0048.5,+100.0
25.066239,+180.000,+180.036,+049.8,+0067.3,+0048.5,+100.0
26.136291,+180.000,+180.024,+000.0,+0067.3,+0048.5,+100.0
27.216028,+180.000,+179.988,+000.4,+0067.3,+0048.5,+100.0
28.278048,+180.000,+179.900,+002.0,+0067.3,+0048.5,+100.0
29.356927,+180.000,+179.744,+004.3,+0067.3,+0048.5,+100.0
30.437941,+180.000,+179.503,+007.4,+0067.3,+0048.5,+100.0
31.526809,+180.000,+179.203,+011.2,+0067.3,+0048.5,+100.0
32.607246,+180.000,+178.850,+015.5,+0067.3,+0048.5,+100.0
33.688264,+180.000,+178.454,+020.2,+0067.3,+0048.5,+100.0
34.777526,+180.000,+178.039,+024.9,+0067.3,+0048.5,+100.0
35.908379,+180.000,+177.633,+029.3,+0067.3,+0048.5,+100.0
36.988392,+180.000,+177.251,+033.5,+0067.3,+0048.5,+100.0
38.068282,+180.000,+176.873,+037.6,+0067.3,+0048.5,+100.0
39.160920,+180.000,+176.568,+041.0,+0067.3,+0048.5,+100.0
40.238935,+180.000,+176.278,+043.6,+0067.3,+0048.5,+100.0
41.331256,+180.000,+176.009,+046.6,+0067.3,+0048.5,+100.0
42.431495,+180.000,+175.784,+048.7,+0067.3,+0048.5,+100.0
43.506509,+180.000,+175.609,+050.3,+0067.3,+0048.5,+100.0
44.585899,+180.000,+175.479,+051.4,+0067.3,+0048.5,+100.0
45.672548,+180.000,+175.416,+051.7,+0067.3,+0048.5,+100.0
46.753564,+180.000,+175.392,+051.7,+0067.3,+0048.5,+100.0
47.861198,+180.000,+175.409,+051.3,+0067.3,+0048.5,+100.0
49.001739,+180.000,+175.445,+050.7,+0067.3,+0048.5,+100.0
50.070753,+180.000,+175.501,+050.0,+0067.3,+0048.5,+100.0
51.162212,+180.000,+175.567,+049.2,+0067.3,+0048.5,+100.0
52.301777,+180.000,+175.619,+048.8,+0067.3,+0048.5,+100.0
53.372870,+180.000,+175.672,+048.1,+0067.3,+0048.5,+100.0
54.458886,+180.000,+175.729,+047.4,+0067.3,+0048.5,+100.0
55.553087,+180.000,+175.775,+047.0,+0067.3,+0048.5,+100.0
56.666102,+180.000,+175.818,+046.5,+0067.3,+0048.5,+100.0
57.755284,+180.000,+175.857,+046.1,+0067.3,+0048.5,+100.0
58.868353,+180.000,+175.892,+045.9,+0067.3,+0048.5,+100.0
60.007364,+180.000,+175.908,+045.8,+0067.3,+0048.5,+100.0
61.104465,+180.000,+175.915,+045.8,+0067.3,+0048.5,+100.0
62.225199,+180.000,+175.916,+045.8,+0067.3,+0048.5,+100.0
63.316253,+180.000,+175.904,+046.1,+0067.3,+0048.5,+100.0
64.384004,+182.000,+175.881,+068.7,+0067.3,+0048.5,+100.0
65.465045,+182.000,+175.859,+069.0,+0067.3,+0048.5,+100.0
66.574949,+182.000,+175.887,+068.0,+0067.3,+0048.5,+100.0
67.654485,+182.000,+176.001,+066.0,+0067.3,+0048.5,+100.0
68.744256,+182.000,+176.217,+062.8,+0067.3,+0048.5,+100.0
69.875399,+182.000,+176.504,+059.7,+0067.3,+0048.5,+100.0
71.025423,+182.000,+176.781,+056.5,+0067.3,+0048.5,+100.0
72.149326,+182.000,+177.057,+053.4,+0067.3,+0048.5,+100.0
73.238839,+182.000,+177.334,+050.4,+0067.3,+0048.5,+100.0
74.315926,+182.000,+177.579,+047.9,+0067.3,+0048.5,+100.0
75.408939,+182.000,+177.786,+045.9,+0067.3,+0048.5,+100.0
76.476676,+182.000,+177.930,+044.7,+0067.3,+0048.5,+100.0
77.558321,+182.000,+178.019,+044.0,+0067.3,+0048.5,+100.0
78.636678,+182.000,+178.080,+043.7,+0067.3,+0048.5,+100.0
79.716593,+182.000,+178.084,+044.0,+0067.3,+0048.5,+100.0
80.808601,+180.000,+178.052,+044.3,+0067.3,+0048.5,+100.0
81.931016,+180.000,+178.003,+045.5,+0067.3,+0048.5,+100.0
83.018782,+180.000,+177.936,+047.4,+0067.3,+0048.5,+100.0
84.107796,+180.000,+177.859,+049.0,+0067.3,+0048.5,+100.0
85.178324,+180.000,+177.783,+050.7,+0067.3,+0048.5,+100.0
86.258327,+180.000,+177.738,+051.3,+0067.3,+0048.5,+100.0
87.339342,+180.000,+177.701,+052.0,+0067.3,+0048.5,+100.0
88.418789,+180.000,+177.683,+052.0,+0067.3,+0048.5,+100.0
89.489971,+180.000,+177.693,+051.4,+0067.3,+0048.5,+100.0
90.590868,+180.000,+177.718,+050.7,+0067.3,+0048.5,+100.0
91.679633,+180.000,+177.750,+050.0,+0067.3,+0048.5,+100.0
92.765060,+180.000,+177.786,+049.1,+0067.3,+0048.5,+100.0
93.910542,+180.000,+177.818,+048.5,+0067.3,+0048.5,+100.0
95.009861,+180.000,+177.843,+048.0,+0067.3,+0048.5,+100.0
96.082712,+180.000,+177.861,+047.8,+0067.3,+0048.5,+100.0
97.160115,+180.000,+177.862,+047.9,+0067.3,+0048.5,+100.0
98.244762,+180.000,+177.863,+047.9,+0067.3,+0048.5,+100.0
99.311767,+182.000,+177.860,+092.9,+0067.3,+0048.5,+100.0
100.382442,+182.000,+177.894,+090.7,+0067.3,+0048.5,+100.0
101.462101,+182.000,+178.075,+083.8,+0067.3,+0048.5,+100.0
102.541112,+182.000,+178.497,+071.2,+0067.3,+0048.5,+100.0
103.621842,+182.000,+179.072,+057.0,+0067.3,+0048.5,+100.0
104.691922,+182.000,+179.680,+043.5,+0067.3,+0048.5,+100.0
105.772151,+182.000,+180.206,+033.6,+0067.3,+0048.5,+100.0
106.923268,+182.000,+180.603,+026.5,+0067.3,+0048.5,+100.0
108.013664,+182.000,+180.854,+023.1,+0067.3,+0048.5,+100.0
109.083374,+182.000,+180.949,+023.1,+0067.3,+0048.5,+100.0
110.163022,+180.000,+180.910,+000.0,+0067.3,+0048.5,+100.0
111.263583,+180.000,+180.747,+000.0,+0067.3,+0048.5,+100.0
112.374082,+180.000,+180.536,+000.0,+0067.3,+0048.5,+100.0
113.459367,+180.000,+180.232,+000.0,+0067.3,+0048.5,+100.0
114.544731,+180.000,+179.884,+004.1,+0067.3,+0048.5,+100.0
115.624076,+180.000,+179.472,+009.3,+0067.3,+0048.5,+100.0
116.695009,+180.000,+179.027,+014.7,+0067.3,+0048.5,+100.0
117.776085,+180.000,+178.560,+020.1,+0067.3,+0048.5,+100.0
118.905099,+180.000,+178.115,+025.1,+0067.3,+0048.5,+100.0
119.975536,+180.000,+177.732,+029.9,+0067.3,+0048.5,+100.0
121.055635,+180.000,+177.318,+034.5,+0067.3,+0048.5,+100.0
122.165651,+180.000,+176.930,+038.4,+0067.3,+0048.5,+100.0
123.256092,+180.000,+176.568,+042.5,+0067.3,+0048.5,+100.0
124.326132,+180.000,+176.237,+045.9,+0067.3,+0048.5,+100.0
125.406144,+180.000,+175.974,+048.5,+0067.3,+0048.5,+100.0
126.476374,+180.000,+175.771,+050.5,+0067.3,+0048.5,+100.0
127.566474,+180.000,+175.632,+051.8,+0067.3,+0048.5,+100.0
128.650133,+180.000,+175.539,+052.4,+0067.3,+0048.5,+100.0
129.717890,+180.000,+175.483,+052.8,+0067.3,+0048.5,+100.0
130.807328,+180.000,+175.469,+052.6,+0067.3,+0048.5,+100.0
131.928652,+180.000,+175.504,+051.9,+0067.3,+0048.5,+100.0
133.007755,+180.000,+175.566,+051.0,+0067.3,+0048.5,+100.0
134.078296,+180.000,+175.624,+050.4,+0067.3,+0048.5,+100.0
135.160009,+180.000,+175.692,+049.5,+0067.3,+0048.5,+100.0
136.238237,+180.000,+175.773,+048.5,+0067.3,+0048.5,+100.0
137.316687,+180.000,+175.835,+048.0,+0067.3,+0048.5,+100.0
138.388567,+180.000,+175.886,+047.4,+0067.3,+0048.5,+100.0
139.468971,+180.000,+175.930,+046.9,+0067.3,+0048.5,+100.0
140.552565,+180.000,+175.971,+046.5,+0067.3,+0048.5,+100.0
141.619279,+180.000,+175.992,+046.5,+0067.3,+0048.5,+100.0
142.679567,+180.000,+176.008,+046.2,+0067.3,+0048.5,+100.0
143.761600,+180.000,+176.025,+046.1,+0067.3,+0048.5,+100.0
144.890314,+180.000,+176.025,+046.3,+0067.3,+0048.5,+100.0
146.009938,+180.000,+176.001,+046.7,+0067.3,+0048.5,+100.0
147.080192,+182.000,+175.972,+070.2,+0067.3,+0048.5,+100.0
148.165051,+182.000,+175.970,+069.8,+0067.3,+0048.5,+100.0
149.256070,+182.000,+176.042,+068.4,+0067.3,+0048.5,+100.0
150.331257,+182.000,+176.216,+065.6,+0067.3,+0048.5,+100.0
151.421143,+182.000,+176.467,+062.2,+0067.3,+0048.5,+100.0
152.521157,+182.000,+176.776,+058.3,+0067.3,+0048.5,+100.0
153.592186,+182.000,+177.098,+054.6,+0067.3,+0048.5,+100.0
154.672777,+182.000,+177.379,+051.2,+0067.3,+0048.5,+100.0
155.752538,+182.000,+177.647,+048.8,+0067.3,+0048.5,+100.0
156.863137,+182.000,+177.880,+046.5,+0067.3,+0048.5,+100.0
157.993543,+182.000,+178.032,+045.2,+0067.3,+0048.5,+100.0
159.082465,+182.000,+178.133,+044.3,+0067.3,+0048.5,+100.0
160.163310,+182.000,+178.192,+043.9,+0067.3,+0048.5,+100.0
161.253006,+182.000,+178.213,+044.0,+0067.3,+0048.5,+100.0
162.373965,+182.000,+178.196,+021.2,+0069.8,+0043.5,+100.0
163.454504,+180.000,+178.156,+022.9,+0069.8,+0043.5,+100.0
164.524516,+180.000,+178.084,+025.8,+0069.8,+0043.5,+100.0
165.624982,+180.000,+177.940,+030.2,+0069.8,+0043.5,+100.0
166.695283,+180.000,+177.733,+035.3,+0069.8,+0043.5,+100.0
167.814769,+180.000,+177.512,+040.3,+0069.8,+0043.5,+100.0
168.925349,+180.000,+177.282,+045.6,+0069.8,+0043.5,+100.0
169.995910,+180.000,+177.060,+050.4,+0069.8,+0043.5,+100.0
171.084950,+180.000,+176.864,+054.5,+0069.8,+0043.5,+100.0
172.215304,+180.000,+176.714,+057.9,+0069.8,+0043.5,+100.0
173.275320,+180.000,+176.626,+060.1,+0069.8,+0043.5,+100.0
174.365925,+180.000,+176.601,+060.9,+0069.8,+0043.5,+100.0
175.436398,+180.000,+176.626,+061.5,+0069.8,+0043.5,+100.0
176.516415,+180.000,+176.720,+060.3,+0069.8,+0043.5,+100.0
177.586882,+180.000,+176.880,+058.5,+0069.8,+0043.5,+100.0
178.675137,+180.000,+177.058,+056.3,+0069.8,+0043.5,+100.0
179.757154,+180.000,+177.262,+054.2,+0069.8,+0043.5,+100.0
180.887730,+180.000,+177.475,+052.5,+0069.8,+0043.5,+100.0
181.998169,+180.000,+177.653,+051.1,+0069.8,+0043.5,+100.0
183.077488,+180.000,+177.792,+050.2,+0069.8,+0043.5,+100.0
184.148523,+180.000,+177.918,+049.9,+0069.8,+0043.5,+100.0
185.217896,+180.000,+178.014,+049.8,+0069.8,+0043.5,+100.0
186.291739,+180.000,+178.091,+050.2,+0069.8,+0043.5,+100.0
187.388727,+180.000,+178.144,+050.8,+0069.8,+0043.5,+100.0
188.459205,+180.000,+178.189,+051.2,+0069.8,+0043.5,+100.0
189.539314,+180.000,+178.225,+052.0,+0069.8,+0043.5,+100.0
190.619454,+180.000,+178.261,+052.6,+0069.8,+0043.5,+100.0
191.689825,+180.000,+178.280,+053.8,+0069.8,+0043.5,+100.0
192.770011,+180.000,+178.306,+054.2,+0069.8,+0043.5,+100.0
193.920217,+180.000,+178.351,+054.5,+0069.8,+0043.5,+100.0
195.026330,+180.000,+178.396,+055.0,+0069.8,+0043.5,+100.0
196.100591,+180.000,+178.454,+054.8,+0069.8,+0043.5,+100.0
197.181103,+180.000,+178.516,+054.7,+0069.8,+0043.5,+100.0
198.251071,+180.000,+178.592,+054.3,+0069.8,+0043.5,+100.0
199.331329,+180.000,+178.677,+053.9,+0069.8,+0043.5,+100.0
200.428335,+180.000,+178.764,+053.3,+0069.8,+0043.5,+100.0
201.511353,+180.000,+178.844,+053.1,+0069.8,+0043.5,+100.0
202.591426,+180.000,+178.917,+052.8,+0069.8,+0043.5,+100.0
203.662098,+180.000,+178.991,+052.2,+0069.8,+0043.5,+100.0
204.732091,+180.000,+179.068,+051.9,+0069.8,+0043.5,+100.0
205.822903,+180.000,+179.131,+051.7,+0069.8,+0043.5,+100.0
206.922929,+180.000,+179.192,+051.5,+0069.8,+0043.5,+100.0
207.992962,+180.000,+179.246,+051.4,+0069.8,+0043.5,+100.0
209.073475,+180.000,+179.287,+051.6,+0069.8,+0043.5,+100.0
210.153527,+180.000,+179.323,+051.6,+0069.8,+0043.5,+100.0
211.233148,+180.000,+179.363,+051.6,+0069.8,+0043.5,+100.0
212.353261,+180.000,+179.387,+052.0,+0069.8,+0043.5,+100.0
213.424133,+180.000,+179.405,+052.4,+0069.8,+0043.5,+100.0
214.514306,+180.000,+179.417,+052.7,+0069.8,+0043.5,+100.0
215.584517,+180.000,+179.440,+052.8,+0069.8,+0043.5,+100.0
216.668691,+180.000,+179.469,+052.8,+0069.8,+0043.5,+100.0
217.754628,+180.000,+179.491,+053.0,+0069.8,+0043.5,+100.0
218.864949,+180.000,+179.521,+052.9,+0069.8,+0043.5,+100.0
219.975248,+180.000,+179.555,+052.6,+0069.8,+0043.5,+100.0
221.075447,+180.000,+179.594,+052.5,+0069.8,+0043.5,+100.0
222.195721,+180.000,+179.626,+052.4,+0069.8,+0043.5,+100.0
223.276284,+180.000,+179.657,+052.2,+0069.8,+0043.5,+100.0
224.356115,+180.000,+179.696,+052.0,+0069.8,+0043.5,+100.0
225.426714,+180.000,+179.733,+051.6,+0069.8,+0043.5,+100.0
226.497321,+180.000,+179.772,+051.4,+0069.8,+0043.5,+100.0
227.576349,+180.000,+179.794,+051.4,+0069.8,+0043.5,+100.0
228.658437,+180.000,+179.812,+051.4,+0069.8,+0043.5,+100.0
229.727694,+180.000,+179.834,+051.3,+0069.8,+0043.5,+100.0
230.827707,+180.000,+179.858,+051.1,+0069.8,+0043.5,+100.0
231.947505,+180.000,+179.883,+051.0,+0069.8,+0043.5,+100.0
233.028171,+180.000,+179.902,+051.0,+0069.8,+0043.5,+100.0
234.118182,+180.000,+179.913,+051.1,+0069.8,+0043.5,+100.0
235.188674,+180.000,+179.911,+051.4,+0069.8,+0043.5,+100.0
236.268861,+180.000,+179.908,+051.6,+0069.8,+0043.5,+100.0
237.350360,+180.000,+179.910,+051.7,+0069.8,+0043.5,+100.0
238.429123,+180.000,+179.913,+051.8,+0069.8,+0043.5,+100.0
239.489702,+180.000,+179.924,+051.8,+0069.8,+0043.5,+100.0
240.573380,+180.000,+179.924,+052.1,+0069.8,+0043.5,+100.0
241.650396,+180.000,+179.921,+052.0,+0069.8,+0043.5,+100.0
242.730238,+180.000,+179.938,+051.7,+0069.8,+0043.5,+100.0
243.820562,+180.000,+179.955,+051.6,+0069.8,+0043.5,+100.0
244.929915,+180.000,+179.967,+051.5,+0069.8,+0043.5,+100.0
245.993711,+180.000,+179.990,+051.1,+0069.8,+0043.5,+100.0
247.072914,+180.000,+180.012,+050.8,+0069.8,+0043.5,+100.0
248.161852,+180.000,+180.020,+051.0,+0069.8,+0043.5,+100.0
249.242927,+180.000,+180.023,+051.0,+0069.8,+0043.5,+100.0
250.321963,+180.000,+180.032,+050.8,+0069.8,+0043.5,+100.0
251.421483,+180.000,+180.041,+050.8,+0069.8,+0043.5,+100.0
252.531441,+180.000,+180.047,+050.7,+0069.8,+0043.5,+100.0
253.602065,+180.000,+180.046,+051.0,+0069.8,+0043.5,+100.0
254.685080,+180.000,+180.029,+051.3,+0069.8,+0043.5,+100.0
255.762898,+180.000,+180.028,+051.2,+0069.8,+0043.5,+100.0
256.892499,+180.000,+180.032,+051.2,+0069.8,+0043.5,+100.0
258.003514,+180.000,+180.039,+051.0,+0069.8,+0043.5,+100.0
259.083367,+180.000,+180.048,+050.9,+0069.8,+0043.5,+100.0
260.167379,+180.000,+180.044,+051.1,+0069.8,+0043.5,+100.0
261.254392,+180.000,+180.040,+051.2,+0069.8,+0043.5,+100.0
262.373323,+180.000,+180.039,+051.1,+0069.8,+0043.5,+100.0
263.453858,+180.000,+180.043,+051.0,+0069.8,+0043.5,+100.0
264.533949,+180.000,+180.048,+051.0,+0069.8,+0043.5,+100.0
265.595905,+180.000,+180.049,+051.0,+0069.8,+0043.5,+100.0
266.674918,+180.000,+180.050,+051.0,+0069.8,+0043.5,+100.0
267.754824,+180.000,+180.048,+051.1,+0069.8,+0043.5,+100.0
268.866208,+180.000,+180.041,+051.2,+0069.8,+0043.5,+100.0
269.996222,+180.000,+180.043,+051.1,+0069.8,+0043.5,+100.0
271.086874,+180.000,+180.040,+051.1,+0069.8,+0043.5,+100.0
272.227402,+180.000,+180.049,+050.8,+0069.8,+0043.5,+100.0
273.296420,+180.000,+180.062,+050.6,+0069.8,+0043.5,+100.0
274.379033,+180.000,+180.061,+050.8,+0069.8,+0043.5,+100.0
275.456423,+180.000,+180.056,+050.7,+0069.8,+0043.5,+100.0
276.527356,+180.000,+180.060,+050.7,+0069.8,+0043.5,+100.0
277.596951,+180.000,+180.065,+050.5,+0069.8,+0043.5,+100.0
278.689282,+180.000,+180.069,+050.4,+0069.8,+0043.5,+100.0
279.759116,+180.000,+180.070,+050.6,+0069.8,+0043.5,+100.0
280.888473,+180.000,+180.055,+050.8,+0069.8,+0043.5,+100.0
282.028031,+180.000,+180.048,+050.9,+0069.8,+0043.5,+100.0
283.107926,+180.000,+180.039,+051.1,+0069.8,+0043.5,+100.0
284.187962,+180.000,+180.028,+051.3,+0069.8,+0043.5,+100.0
285.248272,+180.000,+180.016,+051.5,+0069.8,+0043.5,+100.0
286.328321,+180.000,+180.004,+051.5,+0069.8,+0043.5,+100.0
287.399133,+180.000,+180.006,+051.4,+0069.8,+0043.5,+100.0
288.489151,+180.000,+180.015,+051.1,+0069.8,+0043.5,+100.0
289.558910,+180.000,+180.029,+050.8,+0069.8,+0043.5,+100.0
290.639919,+180.000,+180.048,+050.4,+0069.8,+0043.5,+100.0
291.700123,+180.000,+180.058,+050.5,+0069.8,+0043.5,+100.0
292.770458,+180.000,+180.049,+050.7,+0069.8,+0043.5,+100.0
293.900473,+180.000,+180.034,+051.0,+0069.8,+0043.5,+100.0
295.000951,+180.000,+180.025,+051.0,+0069.8,+0043.5,+100.0
296.093251,+180.000,+180.031,+050.7,+0069.8,+0043.5,+100.0
297.151265,+180.000,+180.038,+050.6,+0069.8,+0043.5,+100.0
298.231159,+180.000,+180.043,+050.6,+0069.8,+0043.5,+100.0
299.301425,+180.000,+180.047,+050.5,+0069.8,+0043.5,+100.0
300.384444,+180.000,+180.039,+050.8,+0069.8,+0043.5,+100.0
301.472800,+180.000,+180.029,+050.9,+0069.8,+0043.5,+100.0
302.552799,+180.000,+180.017,+051.1,+0069.8,+0043.5,+100.0
303.644622,+180.000,+180.010,+051.1,+0069.8,+0043.5,+100.0
304.723274,+180.000,+180.015,+050.9,+0069.8,+0043.5,+100.0
305.832416,+180.000,+180.025,+050.7,+0069.8,+0043.5,+100.0
306.943232,+180.000,+180.031,+050.6,+0069.8,+0043.5,+100.0
308.002545,+180.000,+180.029,+050.7,+0069.8,+0043.5,+100.0
309.083559,+180.000,+180.028,+050.7,+0069.8,+0043.5,+100.0
310.163387,+180.000,+180.034,+050.5,+0069.8,+0043.5,+100.0
311.259643,+180.000,+180.037,+050.5,+0069.8,+0043.5,+100.0
312.375659,+180.000,+180.034,+050.5,+0069.8,+0043.5,+100.0
313.454290,+180.000,+180.039,+050.3,+0069.8,+0043.5,+100.0
314.543898,+180.000,+180.047,+050.1,+0069.8,+0043.5,+100.0
315.624911,+180.000,+180.057,+050.0,+0069.8,+0043.5,+100.0
316.697904,+180.000,+180.055,+050.1,+0069.8,+0043.5,+100.0
317.776536,+180.000,+180.043,+050.5,+0069.8,+0043.5,+100.0
318.905551,+180.000,+180.015,+051.1,+0069.8,+0043.5,+100.0
319.995914,+180.000,+179.983,+051.6,+0069.8,+0043.5,+100.0
321.085545,+180.000,+179.961,+051.8,+0069.8,+0043.5,+100.0
322.195364,+180.000,+179.964,+051.5,+0069.8,+0043.5,+100.0
323.276864,+180.000,+179.972,+051.3,+0069.8,+0043.5,+100.0
324.355877,+180.000,+179.985,+051.1,+0069.8,+0043.5,+100.0
325.436420,+180.000,+179.999,+050.8,+0069.8,+0043.5,+100.0
326.507050,+180.000,+180.025,+050.2,+0069.8,+0043.5,+100.0
327.587066,+180.000,+180.041,+050.1,+0069.8,+0043.5,+100.0
328.668809,+180.000,+180.048,+050.1,+0069.8,+0043.5,+100.0
329.737682,+180.000,+180.051,+049.9,+0069.8,+0043.5,+100.0
330.847694,+180.000,+180.052,+050.0,+0069.8,+0043.5,+100.0
331.967785,+180.000,+180.040,+050.4,+0069.8,+0043.5,+100.0
333.038031,+180.000,+180.029,+050.4,+0069.8,+0043.5,+100.0
334.129047,+180.000,+180.020,+050.6,+0069.8,+0043.5,+100.0
335.188315,+180.000,+180.014,+050.7,+0069.8,+0043.5,+100.0
336.268605,+180.000,+180.010,+050.7,+0069.8,+0043.5,+100.0
337.338842,+180.000,+180.017,+050.4,+0069.8,+0043.5,+100.0
338.398567,+180.000,+180.027,+050.3,+0069.8,+0043.5,+100.0
339.479647,+180.000,+180.024,+050.4,+0069.8,+0043.5,+100.0
340.569244,+180.000,+180.020,+050.4,+0069.8,+0043.5,+100.0
341.649577,+180.000,+180.016,+050.6,+0069.8,+0043.5,+100.0
342.730356,+180.000,+180.008,+050.7,+0069.8,+0043.5,+100.0
343.830591,+180.000,+179.995,+051.0,+0069.8,+0043.5,+100.0
344.950271,+180.000,+179.981,+051.3,+0069.8,+0043.5,+100.0
346.031071,+180.000,+179.968,+051.4,+0069.8,+0043.5,+100.0
347.115161,+180.000,+179.967,+051.3,+0069.8,+0043.5,+100.0
348.201120,+180.000,+179.966,+051.3,+0069.8,+0043.5,+100.0
349.282041,+180.000,+179.975,+051.0,+0069.8,+0043.5,+100.0
350.361740,+180.000,+179.989,+050.7,+0069.8,+0043.5,+100.0
351.451755,+180.000,+180.004,+050.4,+0069.8,+0043.5,+100.0
352.532379,+180.000,+180.026,+050.1,+0069.8,+0043.5,+100.0
353.602756,+180.000,+180.027,+050.3,+0069.8,+0043.5,+100.0
354.682770,+180.000,+180.022,+050.4,+0069.8,+0043.5,+100.0
355.762374,+180.000,+180.023,+050.3,+0069.8,+0043.5,+100.0
356.893053,+180.000,+180.019,+050.5,+0069.8,+0043.5,+100.0
358.003070,+180.000,+180.011,+050.6,+0069.8,+0043.5,+100.0
359.083102,+180.000,+180.008,+050.6,+0069.8,+0043.5,+100.0
360.163470,+180.000,+180.003,+050.6,+0069.8,+0043.5,+100.0
361.254483,+180.000,+180.012,+050.3,+0069.8,+0043.5,+100.0
362.373673,+180.000,+180.020,+050.3,+0069.8,+0043.5,+100.0
363.445295,+180.000,+180.018,+050.4,+0069.8,+0043.5,+100.0
364.515415,+180.000,+180.014,+050.5,+0069.8,+0043.5,+100.0
365.594219,+180.000,+180.009,+050.6,+0069.8,+0043.5,+100.0
366.664663,+180.000,+179.997,+050.8,+0069.8,+0043.5,+100.0
367.745156,+180.000,+179.992,+050.8,+0069.8,+0043.5,+100.0
368.845632,+180.000,+179.999,+050.5,+0069.8,+0043.5,+100.0
369.965630,+180.000,+180.009,+050.5,+0069.8,+0043.5,+100.0
371.055314,+180.000,+180.001,+050.7,+0069.8,+0043.5,+100.0
372.176333,+180.000,+179.997,+050.7,+0069.8,+0043.5,+100.0
373.246265,+180.000,+180.001,+050.5,+0069.8,+0043.5,+100.0
374.316690,+180.000,+180.011,+050.3,+0069.8,+0043.5,+100.0
375.381346,+180.000,+180.013,+050.4,+0069.8,+0043.5,+100.0
376.456614,+180.000,+180.007,+050.5,+0069.8,+0043.5,+100.0
377.527970,+180.000,+180.006,+050.5,+0069.8,+0043.5,+100.0
378.587016,+180.000,+180.003,+050.6,+0069.8,+0043.5,+100.0
379.667695,+180.000,+179.992,+050.9,+0069.8,+0043.5,+100.0
380.743443,+180.000,+179.990,+050.7,+0069.8,+0043.5,+100.0
381.858459,+180.000,+179.990,+050.8,+0069.8,+0043.5,+100.0
382.978548,+180.000,+179.984,+050.9,+0069.8,+0043.5,+100.0
384.058874,+180.000,+179.981,+051.0,+0069.8,+0043.5,+100.0
385.128878,+180.000,+179.976,+051.1,+0069.8,+0043.5,+100.0
386.198690,+180.000,+179.967,+051.3,+0069.8,+0043.5,+100.0
387.279364,+180.000,+179.960,+051.3,+0069.8,+0043.5,+100.0
388.359408,+180.000,+179.973,+050.9,+0069.8,+0043.5,+100.0
389.429832,+180.000,+179.992,+050.5,+0069.8,+0043.5,+100.0
390.509877,+180.000,+180.016,+050.1,+0069.8,+0043.5,+100.0
391.590427,+180.000,+180.023,+050.2,+0069.8,+0043.5,+100.0
392.670849,+180.000,+180.022,+050.2,+0069.8,+0043.5,+100.0
393.750639,+180.000,+180.029,+050.0,+0069.8,+0043.5,+100.0
394.860541,+180.000,+180.042,+049.8,+0069.8,+0043.5,+100.0
395.980688,+180.000,+180.050,+049.7,+0069.8,+0043.5,+100.0
397.052584,+180.000,+180.051,+049.8,+0069.8,+0043.5,+100.0
398.131274,+180.000,+180.044,+050.0,+0069.8,+0043.5,+100.0
399.201779,+180.000,+180.037,+050.0,+0069.8,+0043.5,+100.0
400.291886,+180.000,+180.030,+050.2,+0069.8,+0043.5,+100.0
401.392213,+180.000,+180.006,+050.8,+0069.8,+0043.5,+100.0
402.512200,+180.000,+179.975,+051.3,+0069.8,+0043.5,+100.0
403.592807,+180.000,+179.952,+051.6,+0069.8,+0043.5,+100.0
404.674253,+180.000,+179.935,+051.8,+0069.8,+0043.5,+100.0
405.742575,+180.000,+179.932,+051.7,+0069.8,+0043.5,+100.0
406.843182,+180.000,+179.943,+051.4,+0069.8,+0043.5,+100.0
407.962781,+180.000,+179.966,+050.9,+0069.8,+0043.5,+100.0
409.033901,+180.000,+179.984,+050.7,+0069.8,+0043.5,+100.0
410.104023,+180.000,+180.004,+050.4,+0069.8,+0043.5,+100.0
411.204030,+180.000,+180.018,+050.1,+0069.8,+0043.5,+100.0
412.334067,+180.000,+180.034,+049.9,+0069.8,+0043.5,+100.0
413.404553,+180.000,+180.044,+049.8,+0069.8,+0043.5,+100.0
414.484174,+180.000,+180.044,+049.9,+0069.8,+0043.5,+100.0
415.566476,+180.000,+180.036,+050.0,+0069.8,+0043.5,+100.0
416.644864,+180.000,+180.036,+050.0,+0069.8,+0043.5,+100.0
417.714835,+180.000,+180.037,+049.9,+0069.8,+0043.5,+100.0
418.804986,+180.000,+180.037,+050.0,+0069.8,+0043.5,+100.0
419.935592,+180.000,+180.031,+050.1,+0069.8,+0043.5,+100.0
421.035709,+180.000,+180.022,+050.3,+0069.8,+0043.5,+100.0
422.147522,+180.000,+180.020,+050.2,+0069.8,+0043.5,+100.0
423.216619,+180.000,+180.018,+050.3,+0069.8,+0043.5,+100.0
424.296632,+180.000,+180.016,+050.3,+0069.8,+0043.5,+100.0
425.382747,+180.000,+180.001,+050.8,+0069.8,+0043.5,+100.0
426.477385,+180.000,+179.982,+051.0,+0069.8,+0043.5,+100.0
427.547421,+180.000,+179.974,+051.0,+0069.8,+0043.5,+100.0
428.617851,+180.000,+179.977,+050.9,+0069.8,+0043.5,+100.0
429.697664,+180.000,+179.982,+050.8,+0069.8,+0043.5,+100.0
430.777620,+180.000,+179.983,+050.8,+0069.8,+0043.5,+100.0
431.918349,+180.000,+179.987,+050.6,+0069.8,+0043.5,+100.0
432.998744,+180.000,+179.999,+050.4,+0069.8,+0043.5,+100.0
434.078317,+180.000,+180.010,+050.2,+0069.8,+0043.5,+100.0
435.148585,+180.000,+180.016,+050.2,+0069.8,+0043.5,+100.0
436.218988,+180.000,+180.011,+050.4,+0069.8,+0043.5,+100.0
437.304061,+180.000,+180.025,+049.8,+0069.8,+0043.5,+100.0
438.388702,+180.000,+180.032,+050.1,+0069.8,+0043.5,+100.0
439.469647,+180.000,+180.008,+050.7,+0069.8,+0043.5,+100.0
440.549556,+180.000,+179.989,+050.8,+0069.8,+0043.5,+100.0
441.639641,+180.000,+179.986,+050.7,+0069.8,+0043.5,+100.0
442.710349,+180.000,+179.998,+050.4,+0069.8,+0043.5,+100.0
443.810227,+180.000,+179.999,+050.5,+0069.8,+0043.5,+100.0
444.940214,+180.000,+179.999,+050.5,+0069.8,+0043.5,+100.0
446.010899,+180.000,+179.996,+050.5,+0069.8,+0043.5,+100.0
447.093049,+180.000,+180.004,+050.3,+0069.8,+0043.5,+100.0
448.172111,+180.000,+180.004,+050.4,+0069.8,+0043.5,+100.0
449.251184,+180.000,+180.001,+050.5,+0069.8,+0043.5,+100.0
450.321794,+180.000,+179.998,+050.5,+0069.8,+0043.5,+100.0
451.411807,+180.000,+179.997,+050.5,+0069.8,+0043.5,+100.0
452.522464,+180.000,+179.998,+050.5,+0069.8,+0043.5,+100.0
453.608841,+180.000,+180.005,+050.3,+0069.8,+0043.5,+100.0
454.682857,+180.000,+180.007,+050.3,+0069.8,+0043.5,+100.0
455.760003,+180.000,+180.013,+050.1,+0069.8,+0043.5,+100.0
456.893643,+180.000,+180.020,+050.1,+0069.8,+0043.5,+100.0
458.003066,+180.000,+180.020,+050.1,+0069.8,+0043.5,+100.0
459.063547,+180.000,+180.009,+050.5,+0069.8,+0043.5,+100.0
460.133401,+180.000,+180.005,+050.3,+0069.8,+0043.5,+100.0
461.243689,+180.000,+180.014,+050.1,+0069.8,+0043.5,+100.0
462.365188,+180.000,+180.023,+050.0,+0069.8,+0043.5,+100.0
463.454419,+180.000,+180.027,+050.0,+0069.8,+0043.5,+100.0
464.525016,+180.000,+180.026,+050.0,+0069.8,+0043.5,+100.0
465.585577,+180.000,+180.025,+050.1,+0069.8,+0043.5,+100.0
466.655236,+180.000,+180.008,+050.5,+0069.8,+0043.5,+100.0
467.715043,+180.000,+179.997,+050.6,+0069.8,+0043.5,+100.0
468.795742,+180.000,+179.990,+050.6,+0069.8,+0043.5,+100.0
469.915459,+180.000,+179.993,+050.5,+0069.8,+0043.5,+100.0
471.006305,+180.000,+179.995,+050.5,+0069.8,+0043.5,+100.0
472.136064,+180.000,+179.995,+050.6,+0069.8,+0043.5,+100.0
473.216656,+180.000,+179.985,+050.7,+0069.8,+0043.5,+100.0
474.296434,+180.000,+179.986,+050.6,+0069.8,+0043.5,+100.0
475.377215,+180.000,+179.989,+050.5,+0069.8,+0043.5,+100.0
476.447021,+180.000,+179.997,+050.4,+0069.8,+0043.5,+100.0
477.522377,+180.000,+179.993,+050.7,+0069.8,+0043.5,+100.0
478.597377,+180.000,+179.985,+050.7,+0069.8,+0043.5,+100.0
479.677662,+180.000,+179.987,+050.6,+0069.8,+0043.5,+100.0
480.747315,+180.000,+180.000,+050.2,+0069.8,+0043.5,+100.0
481.848330,+180.000,+180.022,+049.8,+0069.8,+0043.5,+100.0
482.974033,+180.000,+180.038,+049.6,+0069.8,+0043.5,+100.0
484.049177,+180.000,+180.041,+049.7,+0069.8,+0043.5,+100.0
485.109255,+180.000,+180.042,+049.7,+0069.8,+0043.5,+100.0
486.178800,+180.000,+180.038,+049.8,+0069.8,+0043.5,+100.0
487.281804,+180.000,+180.032,+049.9,+0069.8,+0043.5,+100.0
488.359931,+180.000,+180.025,+050.0,+0069.8,+0043.5,+100.0
489.420007,+180.000,+180.022,+050.0,+0069.8,+0043.5,+100.0
490.500036,+180.000,+180.020,+050.1,+0069.8,+0043.5,+100.0
491.580004,+180.000,+180.009,+050.4,+0069.8,+0043.5,+100.0
492.650524,+180.000,+179.991,+050.7,+0069.8,+0043.5,+100.0
493.744540,+180.000,+179.983,+050.6,+0069.8,+0043.5,+100.0
494.850791,+180.000,+179.985,+050.6,+0069.8,+0043.5,+100.0
495.961186,+180.000,+179.985,+050.5,+0069.8,+0043.5,+100.0
497.040553,+180.000,+179.986,+050.6,+0069.8,+0043.5,+100.0
498.111770,+180.000,+179.989,+050.5,+0069.8,+0043.5,+100.0
499.192890,+180.000,+179.992,+050.4,+0069.8,+0043.5,+100.0
500.272970,+180.000,+179.996,+050.4,+0069.8,+0043.5,+100.0
501.361463,+180.000,+179.995,+050.4,+0069.8,+0043.5,+100.0
502.481820,+180.000,+179.996,+050.3,+0069.8,+0043.5,+100.0
503.573338,+180.000,+180.003,+050.2,+0069.8,+0043.5,+100.0
504.668878,+180.000,+180.013,+049.9,+0069.8,+0043.5,+100.0
505.752667,+180.000,+180.027,+049.8,+0069.8,+0043.5,+100.0
506.863022,+180.000,+180.028,+049.8,+0069.8,+0043.5,+100.0
507.973364,+180.000,+180.029,+049.7,+0069.8,+0043.5,+100.0
509.058348,+180.000,+180.036,+049.6,+0069.8,+0043.5,+100.0
510.153958,+180.000,+180.041,+049.5,+0069.8,+0043.5,+100.0
511.249976,+180.000,+180.045,+049.6,+0069.8,+0043.5,+100.0
512.353848,+180.000,+180.027,+050.0,+0069.8,+0043.5,+100.0
513.424367,+180.000,+180.009,+050.3,+0069.8,+0043.5,+100.0
514.504382,+180.000,+179.989,+050.7,+0069.8,+0043.5,+100.0
515.585352,+180.000,+179.976,+050.7,+0069.8,+0043.5,+100.0
516.664957,+180.000,+179.978,+050.5,+0069.8,+0043.5,+100.0
517.754974,+180.000,+179.986,+050.4,+0069.8,+0043.5,+100.0
518.875291,+180.000,+179.995,+050.2,+0069.8,+0043.5,+100.0
520.002745,+180.000,+180.001,+050.1,+0069.8,+0043.5,+100.0
521.106760,+180.000,+180.003,+050.2,+0069.8,+0043.5,+100.0
522.250209,+180.000,+180.000,+050.2,+0069.8,+0043.5,+100.0
523.356228,+180.000,+180.006,+050.0,+0069.8,+0043.5,+100.0
524.446722,+180.000,+180.020,+049.7,+0069.8,+0043.5,+100.0
