Time(s),SetTemp(K),Temp(K),HeatPower,P,I,D
0.000000,+120.000,+118.188,+044.1,+0150.0,+0020.0,+000.0
1.077016,+120.000,+118.257,+042.5,+0150.0,+0020.0,+000.0
2.168110,+120.000,+118.295,+042.2,+0150.0,+0020.0,+000.0
3.257021,+120.000,+118.315,+042.0,+0150.0,+0020.0,+000.0
4.381332,+120.000,+118.296,+043.1,+0150.0,+0020.0,+000.0
5.488357,+120.000,+118.262,+043.9,+0150.0,+0020.0,+000.0
6.571177,+120.000,+118.229,+044.8,+0150.0,+0020.0,+000.0
7.646848,+120.000,+118.200,+045.4,+0150.0,+0020.0,+000.0
8.748865,+120.000,+118.184,+045.3,+0150.0,+0020.0,+000.0
9.871667,+120.000,+118.185,+045.5,+0150.0,+0020.0,+000.0
10.947536,+120.000,+118.179,+045.5,+0150.0,+0020.0,+000.0
12.028550,+122.000,+118.184,+095.0,+0150.0,+0020.0,+000.0
13.118500,+122.000,+118.255,+090.2,+0150.0,+0020.0,+000.0
14.213613,+122.000,+118.592,+077.4,+0150.0,+0020.0,+000.0
15.298631,+122.000,+119.230,+057.3,+0150.0,+0020.0,+000.0
16.369646,+122.000,+120.024,+037.0,+0150.0,+0020.0,+000.0
17.449350,+122.000,+120.724,+021.9,+0150.0,+0020.0,+000.0
18.529474,+122.000,+121.191,+013.2,+0150.0,+0020.0,+000.0
19.609387,+122.000,+121.470,+010.4,+0150.0,+0020.0,+000.0
20.679908,+120.000,+121.531,+000.0,+0150.0,+0020.0,+000.0
21.789940,+120.000,+121.421,+000.0,+0150.0,+0020.0,+000.0
22.910253,+120.000,+121.169,+000.0,+0150.0,+0020.0,+000.0
23.980316,+120.000,+120.816,+000.0,+0150.0,+0020.0,+000.0
25.051107,+120.000,+120.416,+000.0,+0150.0,+0020.0,+000.0
26.131784,+120.000,+120.028,+003.7,+0150.0,+0020.0,+000.0
27.221566,+120.000,+119.569,+009.1,+0150.0,+0020.0,+000.0
28.321398,+120.000,+119.048,+015.5,+0150.0,+0020.0,+000.0
29.472032,+120.000,+118.585,+021.4,+0150.0,+0020.0,+000.0
30.542197,+120.000,+118.114,+027.3,+0150.0,+0020.0,+000.0
31.622535,+120.000,+117.697,+032.3,+0150.0,+0020.0,+000.0
32.703471,+120.000,+117.278,+037.5,+0150.0,+0020.0,+000.0
33.832753,+120.000,+116.889,+041.5,+0150.0,+0020.0,+000.0
34.923137,+120.000,+116.617,+044.3,+0150.0,+0020.0,+000.0
36.004115,+120.000,+116.383,+046.8,+0150.0,+0020.0,+000.0
37.083045,+120.000,+116.212,+048.4,+0150.0,+0020.0,+000.0
38.173569,+120.000,+116.122,+048.8,+0150.0,+0020.0,+000.0
39.283753,+120.000,+116.090,+048.9,+0150.0,+0020.0,+000.0
40.354170,+120.000,+116.107,+048.4,+0150.0,+0020.0,+000.0
41.443923,+120.000,+116.142,+047.9,+0150.0,+0020.0,+000.0
42.547943,+120.000,+116.209,+046.7,+0150.0,+0020.0,+000.0
43.634489,+120.000,+116.277,+045.9,+0150.0,+0020.0,+000.0
44.725275,+120.000,+116.350,+045.1,+0150.0,+0020.0,+000.0
45.860696,+120.000,+116.419,+044.2,+0150.0,+0020.0,+000.0
46.936393,+120.000,+116.480,+043.4,+0150.0,+0020.0,+000.0
48.050236,+120.000,+116.528,+043.1,+0150.0,+0020.0,+000.0
49.155220,+120.000,+116.554,+042.7,+0150.0,+0020.0,+000.0
50.245950,+120.000,+116.593,+042.3,+0150.0,+0020.0,+000.0
51.362123,+120.000,+116.610,+042.2,+0150.0,+0020.0,+000.0
52.476557,+120.000,+116.622,+042.0,+0150.0,+0020.0,+000.0
53.581606,+120.000,+116.628,+042.2,+0150.0,+0020.0,+000.0
54.726724,+120.000,+116.598,+042.8,+0150.0,+0020.0,+000.0
55.862263,+120.000,+116.544,+043.6,+0150.0,+0020.0,+000.0
56.966072,+120.000,+116.508,+043.8,+0150.0,+0020.0,+000.0
58.076868,+120.000,+116.488,+044.1,+0150.0,+0020.0,+000.0
59.195714,+120.000,+116.477,+044.0,+0150.0,+0020.0,+000.0
60.317734,+120.000,+116.490,+043.7,+0150.0,+0020.0,+000.0
61.422769,+120.000,+116.508,+043.5,+0150.0,+0020.0,+000.0
62.518728,+120.000,+116.500,+043.8,+0150.0,+0020.0,+000.0
63.608747,+120.000,+116.477,+044.1,+0150.0,+0020.0,+000.0
64.729274,+120.000,+116.476,+043.9,+0150.0,+0020.0,+000.0
65.849014,+120.000,+116.475,+043.9,+0150.0,+0020.0,+000.0
66.935031,+122.000,+116.491,+068.6,+0150.0,+0020.0,+000.0
68.044232,+122.000,+116.513,+068.3,+0150.0,+0020.0,+000.0
69.189104,+122.000,+116.621,+065.8,+0150.0,+0020.0,+000.0
70.291339,+122.000,+116.869,+061.5,+0150.0,+0020.0,+000.0
71.393360,+122.000,+117.244,+056.4,+0150.0,+0020.0,+000.0
72.477281,+122.000,+117.632,+051.4,+0150.0,+0020.0,+000.0
73.556556,+122.000,+118.011,+046.9,+0150.0,+0020.0,+000.0
74.631573,+122.000,+118.316,+043.3,+0150.0,+0020.0,+000.0
75.731059,+122.000,+118.595,+040.9,+0150.0,+0020.0,+000.0
76.883876,+122.000,+118.756,+039.5,+0150.0,+0020.0,+000.0
77.991894,+122.000,+118.852,+038.7,+0150.0,+0020.0,+000.0
79.104151,+122.000,+118.898,+038.6,+0150.0,+0020.0,+000.0
80.192559,+120.000,+118.884,+012.8,+0150.0,+0020.0,+000.0
81.252578,+120.000,+118.826,+013.7,+0150.0,+0020.0,+000.0
82.344717,+120.000,+118.709,+015.5,+0150.0,+0020.0,+000.0
83.432729,+120.000,+118.532,+018.4,+0150.0,+0020.0,+000.0
84.523748,+120.000,+118.257,+021.6,+0150.0,+0020.0,+000.0
85.614763,+120.000,+117.941,+025.4,+0150.0,+0020.0,+000.0
86.709217,+120.000,+117.592,+029.9,+0150.0,+0020.0,+000.0
87.860593,+120.000,+117.214,+033.6,+0150.0,+0020.0,+000.0
88.977005,+120.000,+116.896,+036.9,+0150.0,+0020.0,+000.0
90.074017,+120.000,+116.614,+039.8,+0150.0,+0020.0,+000.0
91.175188,+120.000,+116.361,+042.4,+0150.0,+0020.0,+000.0
92.285205,+120.000,+116.166,+044.2,+0150.0,+0020.0,+000.0
93.378288,+120.000,+116.028,+045.3,+0150.0,+0020.0,+000.0
94.443793,+120.000,+115.951,+045.8,+0150.0,+0020.0,+000.0
95.521197,+120.000,+115.915,+046.0,+0150.0,+0020.0,+000.0
96.606293,+120.000,+115.893,+046.1,+0150.0,+0020.0,+000.0
97.698180,+120.000,+115.889,+046.0,+0150.0,+0020.0,+000.0
98.859389,+120.000,+115.924,+045.5,+0150.0,+0020.0,+000.0
99.956408,+120.000,+115.946,+045.2,+0150.0,+0020.0,+000.0
101.036421,+120.000,+115.988,+044.6,+0150.0,+0020.0,+000.0
102.117758,+120.000,+116.026,+044.2,+0150.0,+0020.0,+000.0
103.187209,+120.000,+116.070,+043.7,+0150.0,+0020.0,+000.0
104.267229,+120.000,+116.113,+043.3,+0150.0,+0020.0,+000.0
105.379985,+120.000,+116.126,+043.4,+0150.0,+0020.0,+000.0
106.447675,+120.000,+116.112,+043.8,+0150.0,+0020.0,+000.0
107.552957,+120.000,+116.108,+043.5,+0150.0,+0020.0,+000.0
108.648963,+120.000,+116.127,+043.3,+0150.0,+0020.0,+000.0
109.748227,+120.000,+116.124,+043.5,+0150.0,+0020.0,+000.0
110.878312,+120.000,+116.108,+043.7,+0150.0,+0020.0,+000.0
111.950516,+120.000,+116.105,+043.6,+0150.0,+0020.0,+000.0
113.028722,+120.000,+116.098,+043.8,+0150.0,+0020.0,+000.0
114.109492,+122.000,+116.087,+066.2,+0150.0,+0020.0,+000.0
115.189132,+122.000,+116.110,+065.7,+0150.0,+0020.0,+000.0
116.297741,+122.000,+116.210,+063.8,+0150.0,+0020.0,+000.0
117.440015,+122.000,+116.419,+060.4,+0150.0,+0020.0,+000.0
118.558708,+122.000,+116.770,+056.0,+0150.0,+0020.0,+000.0
119.650220,+122.000,+117.147,+051.7,+0150.0,+0020.0,+000.0
120.750439,+122.000,+117.516,+047.7,+0150.0,+0020.0,+000.0
121.887461,+122.000,+117.824,+044.8,+0150.0,+0020.0,+000.0
123.001193,+122.000,+118.065,+042.6,+0150.0,+0020.0,+000.0
124.095549,+122.000,+118.244,+041.0,+0150.0,+0020.0,+000.0
125.191569,+122.000,+118.338,+040.7,+0150.0,+0020.0,+000.0
126.259636,+122.000,+118.360,+040.8,+0150.0,+0020.0,+000.0
127.351946,+122.000,+118.359,+040.8,+0150.0,+0020.0,+000.0
128.462964,+122.000,+118.347,+041.1,+0150.0,+0020.0,+000.0
129.573414,+120.000,+118.304,+020.4,+0067.3,+0048.5,+100.0
130.632649,+120.000,+118.241,+022.9,+0067.3,+0048.5,+100.0
131.743222,+120.000,+118.077,+027.8,+0067.3,+0048.5,+100.0
132.863319,+120.000,+117.868,+032.7,+0067.3,+0048.5,+100.0
133.943130,+120.000,+117.651,+038.1,+0067.3,+0048.5,+100.0
135.022919,+120.000,+117.405,+042.8,+0067.3,+0048.5,+100.0
136.111778,+120.000,+117.188,+047.0,+0067.3,+0048.5,+100.0
137.194091,+120.000,+117.009,+050.9,+0067.3,+0048.5,+100.0
138.285486,+120.000,+116.893,+053.4,+0067.3,+0048.5,+100.0
139.409662,+120.000,+116.856,+054.4,+0067.3,+0048.5,+100.0
140.494186,+120.000,+116.891,+054.6,+0067.3,+0048.5,+100.0
141.588557,+120.000,+116.992,+053.6,+0067.3,+0048.5,+100.0
142.656332,+120.000,+117.140,+052.1,+0067.3,+0048.5,+100.0
143.762813,+120.000,+117.324,+050.5,+0067.3,+0048.5,+100.0
144.896564,+120.000,+117.496,+049.1,+0067.3,+0048.5,+100.0
145.971546,+120.000,+117.674,+047.5,+0067.3,+0048.5,+100.0
147.090278,+120.000,+117.838,+046.6,+0067.3,+0048.5,+100.0
148.212796,+120.000,+117.968,+046.1,+0067.3,+0048.5,+100.0
149.329814,+120.000,+118.079,+045.8,+0067.3,+0048.5,+100.0
150.421675,+120.000,+118.168,+046.0,+0067.3,+0048.5,+100.0
151.551434,+120.000,+118.249,+046.4,+0067.3,+0048.5,+100.0
152.686566,+120.000,+118.301,+047.0,+0067.3,+0048.5,+100.0
153.837566,+120.000,+118.345,+047.9,+0067.3,+0048.5,+100.0
154.938175,+120.000,+118.372,+048.4,+0067.3,+0048.5,+100.0
156.017775,+120.000,+118.408,+049.0,+0067.3,+0048.5,+100.0
157.078314,+120.000,+118.470,+048.9,+0067.3,+0048.5,+100.0
158.157629,+120.000,+118.521,+049.3,+0067.3,+0048.5,+100.0
159.308342,+120.000,+118.586,+049.3,+0067.3,+0048.5,+100.0
160.402874,+120.000,+118.652,+049.2,+0067.3,+0048.5,+100.0
161.488670,+120.000,+118.735,+048.7,+0067.3,+0048.5,+100.0
162.589241,+120.000,+118.830,+048.0,+0067.3,+0048.5,+100.0
163.681259,+120.000,+118.921,+047.6,+0067.3,+0048.5,+100.0
164.779614,+120.000,+118.989,+047.7,+0067.3,+0048.5,+100.0
165.889630,+120.000,+119.060,+047.3,+0067.3,+0048.5,+100.0
166.963354,+120.000,+119.123,+047.3,+0067.3,+0048.5,+100.0
168.081849,+120.000,+119.166,+047.6,+0067.3,+0048.5,+100.0
169.200819,+120.000,+119.203,+047.7,+0067.3,+0048.5,+100.0
170.298698,+120.000,+119.245,+047.9,+0067.3,+0048.5,+100.0
171.409241,+120.000,+119.278,+048.0,+0067.3,+0048.5,+100.0
172.510870,+120.000,+119.324,+047.8,+0067.3,+0048.5,+100.0
173.581887,+120.000,+119.364,+048.1,+0067.3,+0048.5,+100.0
174.663944,+120.000,+119.393,+048.2,+0067.3,+0048.5,+100.0
175.792591,+120.000,+119.422,+048.3,+0067.3,+0048.5,+100.0
176.901831,+120.000,+119.457,+048.2,+0067.3,+0048.5,+100.0
178.012383,+120.000,+119.504,+047.7,+0067.3,+0048.5,+100.0
179.142864,+120.000,+119.544,+047.8,+0067.3,+0048.5,+100.0
180.222497,+120.000,+119.592,+047.3,+0067.3,+0048.5,+100.0
181.299977,+120.000,+119.647,+047.0,+0067.3,+0048.5,+100.0
182.395650,+120.000,+119.681,+047.0,+0067.3,+0048.5,+100.0
183.462752,+120.000,+119.719,+046.7,+0067.3,+0048.5,+100.0
184.543619,+120.000,+119.758,+046.7,+0067.3,+0048.5,+100.0
185.623251,+120.000,+119.780,+046.5,+0067.3,+0048.5,+100.0
186.733591,+120.000,+119.809,+046.6,+0067.3,+0048.5,+100.0
187.864603,+120.000,+119.825,+046.7,+0067.3,+0048.5,+100.0
188.987982,+120.000,+119.827,+047.0,+0067.3,+0048.5,+100.0
190.085548,+120.000,+119.839,+046.9,+0067.3,+0048.5,+100.0
191.179564,+120.000,+119.856,+047.0,+0067.3,+0048.5,+100.0
192.284714,+120.000,+119.870,+046.9,+0067.3,+0048.5,+100.0
193.359863,+120.000,+119.890,+046.7,+0067.3,+0048.5,+100.0
194.446101,+120.000,+119.914,+046.5,+0067.3,+0048.5,+100.0
195.526106,+120.000,+119.929,+046.5,+0067.3,+0048.5,+100.0
196.617779,+120.000,+119.939,+046.6,+0067.3,+0048.5,+100.0
197.705797,+120.000,+119.956,+046.4,+0067.3,+0048.5,+100.0
198.869968,+120.000,+119.964,+046.7,+0067.3,+0048.5,+100.0
199.966534,+120.000,+119.964,+046.6,+0067.3,+0048.5,+100.0
201.060463,+120.000,+119.979,+046.5,+0067.3,+0048.5,+100.0
202.160198,+120.000,+119.984,+046.6,+0067.3,+0048.5,+100.0
203.258209,+120.000,+119.979,+046.8,+0067.3,+0048.5,+100.0
204.338492,+120.000,+119.983,+046.8,+0067.3,+0048.5,+100.0
205.419510,+120.000,+119.979,+047.0,+0067.3,+0048.5,+100.0
206.487361,+120.000,+119.997,+046.5,+0067.3,+0048.5,+100.0
207.568512,+120.000,+120.018,+046.2,+0067.3,+0048.5,+100.0
208.649124,+120.000,+120.031,+046.2,+0067.3,+0048.5,+100.0
209.779141,+120.000,+120.041,+046.1,+0067.3,+0048.5,+100.0
210.929270,+120.000,+120.051,+046.0,+0067.3,+0048.5,+100.0
212.000288,+120.000,+120.038,+046.6,+0067.3,+0048.5,+100.0
213.088820,+120.000,+120.020,+046.8,+0067.3,+0048.5,+100.0
214.169491,+120.000,+120.010,+047.0,+0067.3,+0048.5,+100.0
215.260087,+120.000,+120.011,+046.7,+0067.3,+0048.5,+100.0
216.339890,+120.000,+120.025,+046.5,+0067.3,+0048.5,+100.0
217.421755,+120.000,+120.009,+047.1,+0067.3,+0048.5,+100.0
218.500534,+120.000,+119.991,+047.5,+0067.3,+0048.5,+100.0
219.570545,+120.000,+119.977,+047.5,+0067.3,+0048.5,+100.0
220.650652,+120.000,+119.983,+047.1,+0067.3,+0048.5,+100.0
221.741541,+120.000,+120.019,+046.6,+0067.3,+0048.5,+100.0
222.911560,+120.000,+120.040,+046.2,+0067.3,+0048.5,+100.0
224.022167,+120.000,+120.064,+045.8,+0067.3,+0048.5,+100.0
225.124904,+120.000,+120.080,+045.6,+0067.3,+0048.5,+100.0
226.249595,+120.000,+120.095,+045.4,+0067.3,+0048.5,+100.0
227.322058,+120.000,+120.113,+045.0,+0067.3,+0048.5,+100.0
228.402303,+120.000,+120.129,+044.8,+0067.3,+0048.5,+100.0
229.496106,+120.000,+120.124,+045.1,+0067.3,+0048.5,+100.0
230.563216,+120.000,+120.111,+045.5,+0067.3,+0048.5,+100.0
231.654344,+120.000,+120.086,+045.9,+0067.3,+0048.5,+100.0
232.743371,+120.000,+120.063,+046.2,+0067.3,+0048.5,+100.0
233.879388,+120.000,+120.047,+046.3,+0067.3,+0048.5,+100.0
234.993745,+120.000,+120.032,+046.4,+0067.3,+0048.5,+100.0
236.074505,+120.000,+120.032,+046.4,+0067.3,+0048.5,+100.0
237.194523,+120.000,+120.025,+046.6,+0067.3,+0048.5,+100.0
238.275025,+120.000,+120.018,+046.5,+0067.3,+0048.5,+100.0
239.404627,+120.000,+120.028,+046.3,+0067.3,+0048.5,+100.0
240.503512,+120.000,+120.027,+046.4,+0067.3,+0048.5,+100.0
241.605008,+120.000,+120.023,+046.4,+0067.3,+0048.5,+100.0
242.712343,+120.000,+120.029,+046.1,+0067.3,+0048.5,+100.0
243.835357,+120.000,+120.043,+045.9,+0067.3,+0048.5,+100.0
244.935495,+120.000,+120.050,+045.9,+0067.3,+0048.5,+100.0
246.086204,+120.000,+120.050,+045.8,+0067.3,+0048.5,+100.0
247.204886,+120.000,+120.060,+045.6,+0067.3,+0048.5,+100.0
248.318238,+120.000,+120.041,+046.3,+0067.3,+0048.5,+100.0
249.410277,+120.000,+120.019,+046.4,+0067.3,+0048.5,+100.0
250.489651,+120.000,+120.016,+046.4,+0067.3,+0048.5,+100.0
251.566925,+120.000,+120.022,+046.1,+0067.3,+0048.5,+100.0
252.649333,+120.000,+120.022,+046.1,+0067.3,+0048.5,+100.0
253.727722,+120.000,+120.026,+046.0,+0067.3,+0048.5,+100.0
254.848572,+120.000,+120.039,+045.7,+0067.3,+0048.5,+100.0
255.939757,+120.000,+120.038,+045.9,+0067.3,+0048.5,+100.0
257.028439,+120.000,+120.045,+045.7,+0067.3,+0048.5,+100.0
258.128686,+120.000,+120.048,+045.6,+0067.3,+0048.5,+100.0
259.258613,+120.000,+120.045,+045.7,+0067.3,+0048.5,+100.0
260.328571,+120.000,+120.041,+045.8,+0067.3,+0048.5,+100.0
261.399225,+120.000,+120.039,+045.7,+0067.3,+0048.5,+100.0
262.489117,+120.000,+120.029,+045.9,+0067.3,+0048.5,+100.0
263.562717,+120.000,+120.027,+045.9,+0067.3,+0048.5,+100.0
264.640783,+120.000,+120.028,+045.8,+0067.3,+0048.5,+100.0
265.729910,+120.000,+120.017,+046.2,+0067.3,+0048.5,+100.0
266.849717,+120.000,+120.014,+045.9,+0067.3,+0048.5,+100.0
267.939891,+120.000,+120.020,+045.8,+0067.3,+0048.5,+100.0
269.061082,+120.000,+120.025,+045.7,+0067.3,+0048.5,+100.0
270.141144,+120.000,+120.035,+045.5,+0067.3,+0048.5,+100.0
271.221004,+120.000,+120.049,+045.2,+0067.3,+0048.5,+100.0
272.291203,+120.000,+120.035,+045.9,+0067.3,+0048.5,+100.0
273.351857,+120.000,+120.019,+046.0,+0067.3,+0048.5,+100.0
274.432315,+120.000,+120.009,+046.1,+0067.3,+0048.5,+100.0
275.502179,+120.000,+119.999,+046.3,+0067.3,+0048.5,+100.0
276.571815,+120.000,+119.991,+046.3,+0067.3,+0048.5,+100.0
277.651843,+120.000,+119.990,+046.3,+0067.3,+0048.5,+100.0
278.751207,+120.000,+119.986,+046.4,+0067.3,+0048.5,+100.0
279.872923,+120.000,+119.979,+046.5,+0067.3,+0048.5,+100.0
280.952887,+120.000,+119.971,+046.5,+0067.3,+0048.5,+100.0
282.033176,+120.000,+119.975,+046.5,+0067.3,+0048.5,+100.0
283.103821,+120.000,+119.972,+046.6,+0067.3,+0048.5,+100.0
284.173742,+120.000,+119.978,+046.3,+0067.3,+0048.5,+100.0
285.254176,+120.000,+119.986,+046.2,+0067.3,+0048.5,+100.0
286.337718,+120.000,+119.993,+046.2,+0067.3,+0048.5,+100.0
287.404818,+120.000,+119.992,+046.0,+0067.3,+0048.5,+100.0
288.494556,+120.000,+120.012,+045.7,+0067.3,+0048.5,+100.0
289.564466,+120.000,+120.022,+045.7,+0067.3,+0048.5,+100.0
290.645352,+120.000,+120.025,+045.6,+0067.3,+0048.5,+100.0
291.735060,+120.000,+120.034,+045.4,+0067.3,+0048.5,+100.0
292.858284,+120.000,+120.040,+045.4,+0067.3,+0048.5,+100.0
293.925936,+120.000,+120.030,+045.7,+0067.3,+0048.5,+100.0
295.015754,+120.000,+120.018,+046.0,+0067.3,+0048.5,+100.0
296.096408,+120.000,+119.999,+046.2,+0067.3,+0048.5,+100.0
297.176422,+120.000,+119.998,+046.1,+0067.3,+0048.5,+100.0
298.266538,+120.000,+119.987,+046.4,+0067.3,+0048.5,+100.0
299.377254,+120.000,+119.995,+046.0,+0067.3,+0048.5,+100.0
300.457322,+120.000,+119.996,+046.0,+0067.3,+0048.5,+100.0
301.537578,+120.000,+120.004,+045.9,+0067.3,+0048.5,+100.0
302.607658,+120.000,+120.011,+045.8,+0067.3,+0048.5,+100.0
303.678390,+120.000,+120.013,+045.7,+0067.3,+0048.5,+100.0
304.798897,+120.000,+120.024,+045.6,+0067.3,+0048.5,+100.0
305.909378,+120.000,+120.012,+045.8,+0067.3,+0048.5,+100.0
306.978103,+120.000,+120.008,+045.9,+0067.3,+0048.5,+100.0
308.078382,+120.000,+120.005,+045.9,+0067.3,+0048.5,+100.0
309.208739,+120.000,+120.013,+045.6,+0067.3,+0048.5,+100.0
310.278915,+120.000,+120.022,+045.5,+0067.3,+0048.5,+100.0
311.349996,+120.000,+120.027,+045.4,+0067.3,+0048.5,+100.0
312.439269,+120.000,+120.032,+045.3,+0067.3,+0048.5,+100.0
313.521546,+120.000,+120.048,+045.1,+0067.3,+0048.5,+100.0
314.619469,+120.000,+120.047,+045.2,+0067.3,+0048.5,+100.0
315.710021,+120.000,+120.050,+045.1,+0067.3,+0048.5,+100.0
316.840744,+120.000,+120.036,+045.7,+0067.3,+0048.5,+100.0
317.950431,+120.000,+120.021,+045.6,+0067.3,+0048.5,+100.0
319.060530,+120.000,+120.025,+045.3,+0067.3,+0048.5,+100.0
320.133975,+120.000,+120.034,+045.2,+0067.3,+0048.5,+100.0
321.211811,+120.000,+120.033,+045.3,+0067.3,+0048.5,+100.0
322.301386,+120.000,+120.010,+045.8,+0067.3,+0048.5,+100.0
323.381878,+120.000,+120.003,+045.8,+0067.3,+0048.5,+100.0
324.462446,+120.000,+120.005,+045.8,+0067.3,+0048.5,+100.0
325.542278,+120.000,+119.994,+046.2,+0067.3,+0048.5,+100.0
326.612116,+120.000,+119.977,+046.2,+0067.3,+0048.5,+100.0
327.672312,+120.000,+119.978,+046.1,+0067.3,+0048.5,+100.0
328.752718,+120.000,+119.985,+046.0,+0067.3,+0048.5,+100.0
329.872797,+120.000,+119.986,+046.2,+0067.3,+0048.5,+100.0
330.933815,+120.000,+119.979,+046.1,+0067.3,+0048.5,+100.0
332.013534,+120.000,+119.990,+045.8,+0067.3,+0048.5,+100.0
333.073787,+120.000,+119.997,+045.7,+0067.3,+0048.5,+100.0
334.144413,+120.000,+120.011,+045.3,+0067.3,+0048.5,+100.0
335.243970,+120.000,+120.026,+045.2,+0067.3,+0048.5,+100.0
336.329180,+120.000,+120.025,+045.3,+0067.3,+0048.5,+100.0
337.405636,+120.000,+120.018,+045.6,+0067.3,+0048.5,+100.0
338.485445,+120.000,+120.015,+045.5,+0067.3,+0048.5,+100.0
339.565618,+120.000,+120.018,+045.4,+0067.3,+0048.5,+100.0
340.665687,+120.000,+120.009,+045.7,+0067.3,+0048.5,+100.0
341.764163,+120.000,+120.013,+045.4,+0067.3,+0048.5,+100.0
342.865568,+120.000,+120.025,+045.2,+0067.3,+0048.5,+100.0
343.935948,+120.000,+120.034,+045.0,+0067.3,+0048.5,+100.0
345.006418,+120.000,+120.021,+045.6,+0067.3,+0048.5,+100.0
346.076608,+120.000,+120.005,+045.8,+0067.3,+0048.5,+100.0
347.156668,+120.000,+119.988,+046.1,+0067.3,+0048.5,+100.0
348.256670,+120.000,+119.980,+046.0,+0067.3,+0048.5,+100.0
349.377392,+120.000,+119.991,+045.8,+0067.3,+0048.5,+100.0
350.467722,+120.000,+119.998,+045.6,+0067.3,+0048.5,+100.0
351.547948,+120.000,+119.996,+046.0,+0067.3,+0048.5,+100.0
352.629750,+120.000,+119.975,+046.3,+0067.3,+0048.5,+100.0
353.698821,+120.000,+119.965,+046.4,+0067.3,+0048.5,+100.0
354.818299,+120.000,+119.960,+046.4,+0067.3,+0048.5,+100.0
355.940239,+120.000,+119.967,+046.1,+0067.3,+0048.5,+100.0
357.010958,+120.000,+119.985,+045.8,+0067.3,+0048.5,+100.0
358.098915,+120.000,+120.002,+045.5,+0067.3,+0048.5,+100.0
359.210535,+120.000,+120.009,+045.6,+0067.3,+0048.5,+100.0
360.279075,+120.000,+120.011,+045.4,+0067.3,+0048.5,+100.0
361.361180,+120.000,+120.008,+045.7,+0067.3,+0048.5,+100.0
362.449916,+120.000,+119.998,+046.0,+0067.3,+0048.5,+100.0
363.530183,+120.000,+119.977,+046.3,+0067.3,+0048.5,+100.0
364.600717,+120.000,+119.967,+046.3,+0067.3,+0048.5,+100.0
365.660902,+120.000,+119.972,+046.1,+0067.3,+0048.5,+100.0
366.762411,+120.000,+119.981,+046.0,+0067.3,+0048.5,+100.0
367.910784,+120.000,+119.993,+045.7,+0067.3,+0048.5,+100.0
369.042916,+120.000,+120.007,+045.5,+0067.3,+0048.5,+100.0
370.121715,+120.000,+120.009,+045.6,+0067.3,+0048.5,+100.0
371.181462,+120.000,+120.018,+045.3,+0067.3,+0048.5,+100.0
372.265851,+120.000,+120.033,+045.1,+0067.3,+0048.5,+100.0
373.362303,+120.000,+120.028,+045.5,+0067.3,+0048.5,+100.0
374.450695,+120.000,+120.020,+045.4,+0067.3,+0048.5,+100.0
375.577106,+120.000,+120.000,+046.0,+0067.3,+0048.5,+100.0
376.657122,+120.000,+119.986,+046.2,+0067.3,+0048.5,+100.0
377.827040,+120.000,+119.980,+046.2,+0067.3,+0048.5,+100.0
378.998061,+120.000,+119.978,+045.9,+0067.3,+0048.5,+100.0
380.113610,+120.000,+119.978,+046.3,+0067.3,+0048.5,+100.0
381.183629,+120.000,+119.972,+046.3,+0067.3,+0048.5,+100.0
382.269827,+120.000,+119.970,+046.3,+0067.3,+0048.5,+100.0
383.355769,+120.000,+119.984,+045.8,+0067.3,+0048.5,+100.0
384.443786,+120.000,+120.001,+045.6,+0067.3,+0048.5,+100.0
385.521942,+120.000,+120.020,+045.3,+0067.3,+0048.5,+100.0
386.604198,+120.000,+120.037,+044.9,+0067.3,+0048.5,+100.0
387.674510,+120.000,+120.051,+045.0,+0067.3,+0048.5,+100.0
