Time(s),SetTemp(K),Temp(K),HeatPower,P,I,D
0.000000,+380.000,+380.273,+091.4,+0068.5,+0043.5,+100.0
1.090039,+380.000,+380.288,+092.0,+0068.5,+0043.5,+100.0
2.202043,+380.000,+380.302,+091.4,+0068.5,+0043.5,+100.0
3.269052,+380.000,+380.353,+090.7,+0068.5,+0043.5,+100.0
4.412309,+380.000,+380.391,+090.6,+0068.5,+0043.5,+100.0
5.522319,+380.000,+380.404,+090.4,+0068.5,+0043.5,+100.0
6.599339,+380.000,+380.423,+090.4,+0068.5,+0043.5,+100.0
7.694942,+380.000,+380.432,+090.1,+0068.5,+0043.5,+100.0
8.789953,+380.000,+380.447,+090.0,+0068.5,+0043.5,+100.0
9.900714,+380.000,+380.446,+090.1,+0068.5,+0043.5,+100.0
10.970061,+380.000,+380.426,+090.8,+0068.5,+0043.5,+100.0
12.048067,+380.000,+380.397,+091.1,+0068.5,+0043.5,+100.0
13.140392,+380.000,+380.391,+091.0,+0068.5,+0043.5,+100.0
14.223868,+380.000,+380.385,+091.0,+0068.5,+0043.5,+100.0
15.334200,+380.000,+380.399,+090.5,+0068.5,+0043.5,+100.0
16.489547,+380.000,+380.415,+090.0,+0068.5,+0043.5,+100.0
17.592525,+380.000,+380.432,+089.7,+0068.5,+0043.5,+100.0
18.679433,+380.000,+380.431,+089.9,+0068.5,+0043.5,+100.0
19.782655,+380.000,+380.436,+089.3,+0068.5,+0043.5,+100.0
20.852756,+380.000,+380.450,+089.1,+0068.5,+0043.5,+100.0
21.912855,+380.000,+380.458,+088.7,+0068.5,+0043.5,+100.0
22.992776,+380.000,+380.481,+088.1,+0068.5,+0043.5,+100.0
24.073212,+380.000,+380.490,+087.9,+0068.5,+0043.5,+100.0
25.153498,+380.000,+380.494,+087.8,+0068.5,+0043.5,+100.0
26.223585,+380.000,+380.485,+088.0,+0068.5,+0043.5,+100.0
27.323109,+380.000,+380.448,+088.5,+0068.5,+0043.5,+100.0
28.443623,+380.000,+380.435,+000.0,+0068.5,+0043.5,+100.0
29.514261,+380.000,+380.369,+000.0,+0068.5,+0043.5,+100.0
30.594268,+380.000,+380.163,+000.5,+0068.5,+0043.5,+100.0
31.673940,+380.000,+379.696,+007.6,+0068.5,+0043.5,+100.0
32.754493,+380.000,+379.050,+015.9,+0068.5,+0043.5,+100.0
33.824936,+380.000,+378.285,+025.5,+0068.5,+0043.5,+100.0
34.924768,+380.000,+377.410,+036.2,+0068.5,+0043.5,+100.0
36.024722,+380.000,+376.462,+047.3,+0068.5,+0043.5,+100.0
37.105859,+380.000,+375.569,+058.7,+0068.5,+0043.5,+100.0
38.185238,+380.000,+374.609,+068.3,+0068.5,+0043.5,+100.0
39.255726,+380.000,+373.728,+077.6,+0068.5,+0043.5,+100.0
40.366683,+380.000,+372.951,+085.7,+0068.5,+0043.5,+100.0
41.476396,+380.000,+372.309,+091.9,+0068.5,+0043.5,+100.0
42.556602,+380.000,+371.833,+096.1,+0068.5,+0043.5,+100.0
43.646483,+380.000,+371.544,+098.0,+0068.5,+0043.5,+100.0
44.726799,+380.000,+371.427,+098.1,+0068.5,+0043.5,+100.0
45.846983,+380.000,+371.481,+096.4,+0068.5,+0043.5,+100.0
46.907453,+380.000,+371.644,+093.3,+0068.5,+0043.5,+100.0
47.980993,+380.000,+371.925,+089.9,+0068.5,+0043.5,+100.0
49.057977,+380.000,+372.222,+086.6,+0068.5,+0043.5,+100.0
50.127610,+380.000,+372.558,+082.4,+0068.5,+0043.5,+100.0
51.207885,+380.000,+372.849,+079.1,+0068.5,+0043.5,+100.0
52.298762,+380.000,+373.155,+076.3,+0068.5,+0043.5,+100.0
53.428958,+380.000,+373.372,+074.2,+0068.5,+0043.5,+100.0
54.528915,+380.000,+373.519,+073.1,+0068.5,+0043.5,+100.0
55.659545,+380.000,+373.584,+073.0,+0068.5,+0043.5,+100.0
56.728790,+380.000,+373.577,+073.5,+0068.5,+0043.5,+100.0
57.809911,+380.000,+373.525,+074.5,+0068.5,+0043.5,+100.0
58.892550,+380.000,+373.432,+075.8,+0068.5,+0043.5,+100.0
59.959557,+380.000,+373.310,+077.2,+0068.5,+0043.5,+100.0
61.049608,+380.000,+373.197,+078.4,+0068.5,+0043.5,+100.0
62.120287,+380.000,+373.088,+079.6,+0068.5,+0043.5,+100.0
63.230300,+380.000,+372.991,+080.6,+0068.5,+0043.5,+100.0
64.365618,+380.000,+372.919,+081.2,+0068.5,+0043.5,+100.0
65.535545,+380.000,+372.871,+081.6,+0068.5,+0043.5,+100.0
66.621552,+380.000,+372.818,+082.3,+0068.5,+0043.5,+100.0
67.701717,+380.000,+372.799,+082.2,+0068.5,+0043.5,+100.0
68.782356,+380.000,+372.812,+081.8,+0068.5,+0043.5,+100.0
69.862175,+380.000,+372.858,+081.1,+0068.5,+0043.5,+100.0
70.943991,+380.000,+372.914,+080.5,+0068.5,+0043.5,+100.0
72.012887,+380.000,+372.951,+080.1,+0068.5,+0043.5,+100.0
73.072634,+380.000,+373.001,+079.5,+0068.5,+0043.5,+100.0
74.167316,+380.000,+373.040,+079.0,+0068.5,+0043.5,+100.0
75.262870,+380.000,+373.100,+078.3,+0068.5,+0043.5,+100.0
76.363420,+380.000,+373.146,+077.9,+0068.5,+0043.5,+100.0
77.485231,+380.000,+373.159,+078.2,+0068.5,+0043.5,+100.0
78.573851,+380.000,+373.144,+078.3,+0068.5,+0043.5,+100.0
79.643595,+380.000,+373.132,+078.5,+0068.5,+0043.5,+100.0
80.713578,+380.000,+373.135,+078.2,+0068.5,+0043.5,+100.0
81.773895,+380.000,+373.154,+078.0,+0068.5,+0043.5,+100.0
82.844621,+382.000,+373.161,+100.0,+0068.5,+0043.5,+100.0
83.905109,+382.000,+373.172,+100.0,+0068.5,+0043.5,+100.0
84.994868,+382.000,+373.257,+098.8,+0068.5,+0043.5,+100.0
86.055612,+382.000,+373.466,+095.5,+0068.5,+0043.5,+100.0
87.125209,+382.000,+373.778,+091.3,+0068.5,+0043.5,+100.0
88.215631,+382.000,+374.147,+086.8,+0068.5,+0043.5,+100.0
89.306247,+382.000,+374.534,+082.5,+0068.5,+0043.5,+100.0
90.426005,+382.000,+374.882,+078.8,+0068.5,+0043.5,+100.0
91.496025,+382.000,+375.167,+075.8,+0068.5,+0043.5,+100.0
92.566460,+382.000,+375.430,+073.4,+0068.5,+0043.5,+100.0
93.646281,+382.000,+375.593,+072.2,+0068.5,+0043.5,+100.0
94.726940,+382.000,+375.673,+071.8,+0068.5,+0043.5,+100.0
95.846596,+382.000,+375.692,+072.0,+0068.5,+0043.5,+100.0
96.906987,+380.000,+375.640,+100.0,+0068.5,+0043.5,+100.0
97.987757,+380.000,+375.558,+100.0,+0068.5,+0043.5,+100.0
99.067442,+380.000,+375.540,+100.0,+0068.5,+0043.5,+100.0
100.148023,+380.000,+375.628,+097.8,+0068.5,+0043.5,+100.0
101.207746,+380.000,+375.813,+091.3,+0068.5,+0043.5,+100.0
102.308419,+380.000,+376.138,+083.2,+0068.5,+0043.5,+100.0
103.448665,+380.000,+376.496,+074.9,+0068.5,+0043.5,+100.0
104.528688,+380.000,+376.800,+068.9,+0068.5,+0043.5,+100.0
105.659697,+380.000,+377.053,+064.1,+0068.5,+0043.5,+100.0
106.749070,+380.000,+377.187,+063.2,+0068.5,+0043.5,+100.0
107.818967,+380.000,+377.202,+064.3,+0068.5,+0043.5,+100.0
108.899212,+380.000,+377.119,+067.7,+0068.5,+0043.5,+100.0
109.979554,+380.000,+376.942,+072.8,+0068.5,+0043.5,+100.0
111.050054,+380.000,+376.716,+078.2,+0068.5,+0043.5,+100.0
112.110271,+380.000,+376.505,+084.0,+0068.5,+0043.5,+100.0
113.191040,+380.000,+376.252,+088.9,+0068.5,+0043.5,+100.0
114.260630,+380.000,+376.074,+091.5,+0068.5,+0043.5,+100.0
115.381437,+380.000,+376.005,+091.4,+0068.5,+0043.5,+100.0
116.491143,+380.000,+376.026,+090.0,+0068.5,+0043.5,+100.0
117.561608,+380.000,+376.125,+086.4,+0068.5,+0043.5,+100.0
118.631940,+380.000,+376.296,+081.7,+0068.5,+0043.5,+100.0
119.712160,+380.000,+376.467,+077.6,+0068.5,+0043.5,+100.0
120.792515,+380.000,+376.640,+074.2,+0068.5,+0043.5,+100.0
121.862570,+380.000,+376.794,+071.3,+0068.5,+0043.5,+100.0
122.932313,+380.000,+376.873,+070.6,+0068.5,+0043.5,+100.0
124.012160,+380.000,+376.892,+071.0,+0068.5,+0043.5,+100.0
125.092407,+380.000,+376.870,+072.0,+0068.5,+0043.5,+100.0
126.163364,+380.000,+376.798,+074.5,+0068.5,+0043.5,+100.0
127.223323,+380.000,+376.691,+077.3,+0068.5,+0043.5,+100.0
128.323164,+380.000,+376.564,+080.3,+0068.5,+0043.5,+100.0
129.453306,+380.000,+376.424,+083.5,+0068.5,+0043.5,+100.0
130.525625,+380.000,+376.333,+084.8,+0068.5,+0043.5,+100.0
131.603993,+380.000,+376.283,+085.3,+0068.5,+0043.5,+100.0
132.684999,+380.000,+376.286,+084.5,+0068.5,+0043.5,+100.0
133.764213,+380.000,+376.324,+083.0,+0068.5,+0043.5,+100.0
134.864916,+380.000,+376.409,+080.4,+0068.5,+0043.5,+100.0
135.974300,+380.000,+376.522,+077.9,+0068.5,+0043.5,+100.0
137.058079,+380.000,+376.618,+075.7,+0068.5,+0043.5,+100.0
138.135173,+380.000,+376.693,+074.7,+0068.5,+0043.5,+100.0
139.215332,+380.000,+376.730,+074.2,+0068.5,+0043.5,+100.0
140.317302,+380.000,+376.743,+074.3,+0068.5,+0043.5,+100.0
141.436074,+380.000,+376.730,+075.0,+0068.5,+0043.5,+100.0
142.516249,+380.000,+376.692,+076.2,+0068.5,+0043.5,+100.0
143.597358,+380.000,+376.636,+077.8,+0068.5,+0043.5,+100.0
144.686785,+380.000,+376.571,+079.0,+0068.5,+0043.5,+100.0
145.797972,+380.000,+376.529,+079.9,+0068.5,+0043.5,+100.0
146.880055,+380.000,+376.490,+080.6,+0068.5,+0043.5,+100.0
147.970459,+380.000,+376.456,+081.3,+0068.5,+0043.5,+100.0
149.037421,+380.000,+376.452,+080.8,+0068.5,+0043.5,+100.0
150.117980,+380.000,+376.474,+079.9,+0068.5,+0043.5,+100.0
151.185863,+380.000,+376.518,+078.6,+0068.5,+0043.5,+100.0
152.258307,+380.000,+376.566,+077.9,+0068.5,+0043.5,+100.0
153.368123,+380.000,+376.599,+077.3,+0068.5,+0043.5,+100.0
154.518719,+380.000,+376.633,+076.3,+0068.5,+0043.5,+100.0
155.658392,+380.000,+376.646,+076.7,+0068.5,+0043.5,+100.0
156.719092,+380.000,+376.643,+076.5,+0068.5,+0043.5,+100.0
157.799069,+380.000,+376.651,+076.4,+0068.5,+0043.5,+100.0
158.868898,+380.000,+376.658,+075.9,+0068.5,+0043.5,+100.0
159.940424,+380.000,+376.661,+076.4,+0068.5,+0043.5,+100.0
161.004282,+382.000,+376.645,+100.0,+0068.5,+0043.5,+100.0
162.080199,+382.000,+376.659,+100.0,+0068.5,+0043.5,+100.0
163.160541,+382.000,+376.759,+100.0,+0068.5,+0043.5,+100.0
164.220952,+382.000,+376.958,+100.0,+0068.5,+0043.5,+100.0
165.300428,+382.000,+377.279,+100.0,+0068.5,+0043.5,+100.0
166.420893,+382.000,+377.692,+090.9,+0068.5,+0043.5,+100.0
167.481544,+382.000,+378.149,+081.1,+0068.5,+0043.5,+100.0
168.551583,+382.000,+378.604,+071.1,+0068.5,+0043.5,+100.0
169.611372,+382.000,+378.984,+063.1,+0068.5,+0043.5,+100.0
170.691660,+382.000,+379.298,+057.9,+0068.5,+0043.5,+100.0
171.762668,+382.000,+379.484,+055.7,+0068.5,+0043.5,+100.0
172.861612,+380.000,+379.522,+008.0,+0068.5,+0043.5,+100.0
173.956746,+380.000,+379.416,+011.1,+0068.5,+0043.5,+100.0
175.032373,+380.000,+379.169,+016.7,+0068.5,+0043.5,+100.0
176.115760,+380.000,+378.803,+024.9,+0068.5,+0043.5,+100.0
177.204098,+380.000,+378.279,+033.9,+0068.5,+0043.5,+100.0
178.314732,+380.000,+377.585,+046.0,+0068.5,+0043.5,+100.0
179.434851,+380.000,+376.889,+057.7,+0068.5,+0043.5,+100.0
180.529801,+380.000,+376.195,+068.8,+0068.5,+0043.5,+100.0
181.604955,+380.000,+375.595,+078.0,+0068.5,+0043.5,+100.0
182.683856,+380.000,+375.022,+086.2,+0068.5,+0043.5,+100.0
183.774863,+380.000,+374.556,+092.6,+0068.5,+0043.5,+100.0
184.885435,+380.000,+374.244,+095.9,+0068.5,+0043.5,+100.0
186.004442,+380.000,+374.104,+096.1,+0068.5,+0043.5,+100.0
187.096452,+380.000,+374.165,+093.2,+0068.5,+0043.5,+100.0
188.189366,+380.000,+374.380,+088.0,+0068.5,+0043.5,+100.0
189.329305,+380.000,+374.731,+081.8,+0068.5,+0043.5,+100.0
190.477912,+380.000,+375.091,+075.9,+0068.5,+0043.5,+100.0
191.576990,+380.000,+375.437,+070.7,+0068.5,+0043.5,+100.0
192.672106,+380.000,+375.722,+066.8,+0068.5,+0043.5,+100.0
193.758394,+380.000,+375.925,+064.4,+0068.5,+0043.5,+100.0
194.856738,+380.000,+376.020,+064.2,+0068.5,+0043.5,+100.0
195.966648,+380.000,+376.033,+064.4,+0068.5,+0043.5,+100.0
197.037083,+380.000,+376.007,+065.4,+0068.5,+0043.5,+100.0
198.131641,+380.000,+375.909,+067.6,+0068.5,+0043.5,+100.0
199.227718,+380.000,+375.779,+070.0,+0068.5,+0043.5,+100.0
200.367758,+380.000,+375.622,+072.7,+0068.5,+0043.5,+100.0
201.507289,+380.000,+375.447,+075.8,+0068.5,+0043.5,+100.0
202.628058,+380.000,+375.293,+077.7,+0068.5,+0043.5,+100.0
203.727981,+380.000,+375.190,+078.9,+0068.5,+0043.5,+100.0
204.828631,+380.000,+375.127,+079.7,+0068.5,+0043.5,+100.0
205.958559,+380.000,+375.080,+080.1,+0068.5,+0043.5,+100.0
207.039196,+380.000,+375.099,+079.0,+0068.5,+0043.5,+100.0
208.143639,+380.000,+375.162,+077.8,+0068.5,+0043.5,+100.0
209.239864,+380.000,+375.234,+076.5,+0068.5,+0043.5,+100.0
210.359535,+380.000,+375.315,+075.3,+0068.5,+0043.5,+100.0
211.470190,+380.000,+375.388,+074.0,+0068.5,+0043.5,+100.0
212.567609,+380.000,+375.472,+072.7,+0068.5,+0043.5,+100.0
213.672827,+380.000,+375.531,+072.0,+0068.5,+0043.5,+100.0
214.771364,+380.000,+375.571,+071.6,+0068.5,+0043.5,+100.0
215.921568,+380.000,+375.588,+071.4,+0068.5,+0043.5,+100.0
217.001120,+380.000,+375.590,+071.8,+0068.5,+0043.5,+100.0
218.106369,+380.000,+375.567,+072.1,+0068.5,+0043.5,+100.0
219.227272,+380.000,+375.536,+072.8,+0068.5,+0043.5,+100.0
220.341238,+380.000,+375.499,+073.3,+0068.5,+0043.5,+100.0
221.501431,+380.000,+375.484,+073.4,+0068.5,+0043.5,+100.0
222.581697,+380.000,+375.470,+073.7,+0068.5,+0043.5,+100.0
223.671938,+380.000,+375.434,+074.5,+0068.5,+0043.5,+100.0
224.782267,+380.000,+375.397,+075.0,+0068.5,+0043.5,+100.0
225.903203,+380.000,+375.371,+075.3,+0068.5,+0043.5,+100.0
226.993895,+380.000,+375.370,+075.1,+0068.5,+0043.5,+100.0
228.073318,+380.000,+375.377,+074.8,+0068.5,+0043.5,+100.0
229.146326,+380.000,+375.400,+074.4,+0068.5,+0043.5,+100.0
230.223294,+382.000,+375.424,+100.0,+0068.5,+0043.5,+100.0
231.349096,+382.000,+375.438,+100.0,+0068.5,+0043.5,+100.0
232.484118,+382.000,+375.541,+100.0,+0068.5,+0043.5,+100.0
233.563956,+382.000,+375.749,+098.7,+0068.5,+0043.5,+100.0
234.684725,+382.000,+376.097,+091.7,+0068.5,+0043.5,+100.0
235.806735,+382.000,+376.537,+083.8,+0068.5,+0043.5,+100.0
236.875147,+382.000,+377.013,+076.0,+0068.5,+0043.5,+100.0
237.956185,+382.000,+377.469,+069.0,+0068.5,+0043.5,+100.0
239.035233,+382.000,+377.855,+063.7,+0068.5,+0043.5,+100.0
240.105787,+382.000,+378.105,+061.0,+0068.5,+0043.5,+100.0
241.185792,+382.000,+378.260,+059.5,+0068.5,+0043.5,+100.0
242.266070,+382.000,+378.316,+059.7,+0068.5,+0043.5,+100.0
243.391197,+380.000,+378.273,+030.8,+0097.4,+0049.0,+100.0
244.516234,+380.000,+378.098,+038.6,+0097.4,+0049.0,+100.0
245.625871,+380.000,+377.835,+048.9,+0097.4,+0049.0,+100.0
246.709177,+380.000,+377.468,+060.9,+0097.4,+0049.0,+100.0
247.807186,+380.000,+377.015,+073.2,+0097.4,+0049.0,+100.0
248.882437,+380.000,+376.577,+085.0,+0097.4,+0049.0,+100.0
249.967382,+380.000,+376.185,+095.5,+0097.4,+0049.0,+100.0
251.037632,+380.000,+375.894,+100.0,+0097.4,+0049.0,+100.0
252.098341,+380.000,+375.779,+100.0,+0097.4,+0049.0,+100.0
253.173589,+380.000,+375.850,+100.0,+0097.4,+0049.0,+100.0
254.269061,+380.000,+376.106,+096.1,+0097.4,+0049.0,+100.0
255.397958,+380.000,+376.483,+086.8,+0097.4,+0049.0,+100.0
256.503887,+380.000,+376.948,+078.4,+0097.4,+0049.0,+100.0
257.629036,+380.000,+377.463,+068.9,+0097.4,+0049.0,+100.0
258.719089,+380.000,+377.851,+062.3,+0097.4,+0049.0,+100.0
259.799371,+380.000,+378.170,+059.4,+0097.4,+0049.0,+100.0
260.882562,+380.000,+378.368,+058.8,+0097.4,+0049.0,+100.0
261.959259,+380.000,+378.434,+061.6,+0097.4,+0049.0,+100.0
263.020025,+380.000,+378.389,+066.7,+0097.4,+0049.0,+100.0
264.100443,+380.000,+378.248,+072.8,+0097.4,+0049.0,+100.0
265.170115,+380.000,+378.081,+078.8,+0097.4,+0049.0,+100.0
266.261033,+380.000,+377.930,+084.2,+0097.4,+0049.0,+100.0
267.385417,+380.000,+377.806,+088.7,+0097.4,+0049.0,+100.0
268.501426,+380.000,+377.718,+092.2,+0097.4,+0049.0,+100.0
269.592014,+380.000,+377.726,+091.9,+0097.4,+0049.0,+100.0
270.685672,+380.000,+377.865,+088.7,+0097.4,+0049.0,+100.0
271.761676,+380.000,+378.091,+084.1,+0097.4,+0049.0,+100.0
272.831922,+380.000,+378.369,+078.7,+0097.4,+0049.0,+100.0
273.911534,+380.000,+378.634,+074.0,+0097.4,+0049.0,+100.0
275.001967,+380.000,+378.892,+070.5,+0097.4,+0049.0,+100.0
276.102777,+380.000,+379.092,+067.9,+0097.4,+0049.0,+100.0
277.182363,+380.000,+379.233,+067.5,+0097.4,+0049.0,+100.0
278.272994,+380.000,+379.295,+068.3,+0097.4,+0049.0,+100.0
279.392636,+380.000,+379.307,+070.5,+0097.4,+0049.0,+100.0
280.504110,+380.000,+379.258,+073.6,+0097.4,+0049.0,+100.0
281.573337,+380.000,+379.162,+077.9,+0097.4,+0049.0,+100.0
282.634081,+380.000,+379.067,+080.8,+0097.4,+0049.0,+100.0
283.714404,+380.000,+379.015,+082.6,+0097.4,+0049.0,+100.0
284.813751,+380.000,+378.995,+083.7,+0097.4,+0049.0,+100.0
285.934383,+380.000,+379.009,+084.1,+0097.4,+0049.0,+100.0
287.024904,+380.000,+379.045,+083.4,+0097.4,+0049.0,+100.0
288.105206,+380.000,+379.142,+081.5,+0097.4,+0049.0,+100.0
289.174825,+380.000,+379.277,+078.7,+0097.4,+0049.0,+100.0
290.245218,+380.000,+379.433,+075.8,+0097.4,+0049.0,+100.0
291.365222,+380.000,+379.567,+074.0,+0097.4,+0049.0,+100.0
292.476233,+380.000,+379.685,+072.0,+0097.4,+0049.0,+100.0
293.546270,+380.000,+379.783,+070.9,+0097.4,+0049.0,+100.0
294.645822,+380.000,+379.841,+071.1,+0097.4,+0049.0,+100.0
295.775835,+380.000,+379.849,+072.0,+0097.4,+0049.0,+100.0
296.866780,+380.000,+379.833,+073.5,+0097.4,+0049.0,+100.0
297.937913,+380.000,+379.765,+076.4,+0097.4,+0049.0,+100.0
299.016570,+380.000,+379.708,+077.8,+0097.4,+0049.0,+100.0
300.099449,+380.000,+379.663,+079.5,+0097.4,+0049.0,+100.0
301.177709,+380.000,+379.625,+080.5,+0097.4,+0049.0,+100.0
302.237013,+380.000,+379.608,+081.0,+0097.4,+0049.0,+100.0
303.328109,+380.000,+379.644,+079.8,+0097.4,+0049.0,+100.0
304.468019,+380.000,+379.713,+077.8,+0097.4,+0049.0,+100.0
305.578953,+380.000,+379.812,+075.9,+0097.4,+0049.0,+100.0
306.648322,+380.000,+379.893,+074.6,+0097.4,+0049.0,+100.0
307.728416,+380.000,+379.955,+073.5,+0097.4,+0049.0,+100.0
308.808775,+380.000,+380.007,+073.0,+0097.4,+0049.0,+100.0
309.882782,+380.000,+380.040,+072.8,+0097.4,+0049.0,+100.0
310.939235,+380.000,+380.038,+073.5,+0097.4,+0049.0,+100.0
312.019130,+380.000,+380.038,+073.6,+0097.4,+0049.0,+100.0
313.089605,+380.000,+380.034,+074.1,+0097.4,+0049.0,+100.0
314.169765,+380.000,+380.015,+074.9,+0097.4,+0049.0,+100.0
315.240300,+380.000,+379.976,+076.2,+0097.4,+0049.0,+100.0
316.350102,+380.000,+379.935,+077.4,+0097.4,+0049.0,+100.0
317.480996,+380.000,+379.923,+077.1,+0097.4,+0049.0,+100.0
318.550479,+380.000,+379.922,+077.7,+0097.4,+0049.0,+100.0
319.631485,+380.000,+379.906,+077.7,+0097.4,+0049.0,+100.0
320.711949,+380.000,+379.926,+077.1,+0097.4,+0049.0,+100.0
321.781632,+380.000,+379.966,+075.8,+0097.4,+0049.0,+100.0
322.841642,+380.000,+380.023,+074.5,+0097.4,+0049.0,+100.0
323.922268,+380.000,+380.066,+073.8,+0097.4,+0049.0,+100.0
325.011892,+380.000,+380.114,+072.7,+0097.4,+0049.0,+100.0
326.092532,+380.000,+380.120,+073.2,+0097.4,+0049.0,+100.0
327.152524,+380.000,+380.136,+072.5,+0097.4,+0049.0,+100.0
328.233263,+380.000,+380.141,+073.0,+0097.4,+0049.0,+100.0
329.313432,+380.000,+380.102,+074.5,+0097.4,+0049.0,+100.0
330.442941,+380.000,+380.052,+075.5,+0097.4,+0049.0,+100.0
331.533602,+380.000,+380.028,+075.8,+0097.4,+0049.0,+100.0
332.604244,+380.000,+380.019,+075.7,+0097.4,+0049.0,+100.0
333.683963,+380.000,+380.014,+075.9,+0097.4,+0049.0,+100.0
334.763973,+380.000,+380.014,+075.7,+0097.4,+0049.0,+100.0
335.884449,+380.000,+380.031,+075.1,+0097.4,+0049.0,+100.0
336.954311,+380.000,+380.048,+074.7,+0097.4,+0049.0,+100.0
338.014322,+380.000,+380.057,+074.7,+0097.4,+0049.0,+100.0
339.084444,+380.000,+380.053,+074.8,+0097.4,+0049.0,+100.0
340.155762,+380.000,+380.062,+074.5,+0097.4,+0049.0,+100.0
341.235005,+380.000,+380.076,+074.0,+0097.4,+0049.0,+100.0
342.323837,+380.000,+380.084,+073.7,+0097.4,+0049.0,+100.0
343.425846,+380.000,+380.098,+073.5,+0097.4,+0049.0,+100.0
344.525617,+380.000,+380.104,+073.3,+0097.4,+0049.0,+100.0
345.635946,+380.000,+380.109,+073.2,+0097.4,+0049.0,+100.0
346.717518,+380.000,+380.101,+073.7,+0097.4,+0049.0,+100.0
347.806672,+380.000,+380.086,+073.9,+0097.4,+0049.0,+100.0
348.876932,+380.000,+380.059,+074.7,+0097.4,+0049.0,+100.0
349.937082,+380.000,+380.042,+074.9,+0097.4,+0049.0,+100.0
351.017622,+380.000,+380.037,+075.0,+0097.4,+0049.0,+100.0
352.097369,+380.000,+380.023,+075.1,+0097.4,+0049.0,+100.0
353.177410,+380.000,+380.012,+075.5,+0097.4,+0049.0,+100.0
354.247725,+380.000,+380.015,+075.0,+0097.4,+0049.0,+100.0
355.368723,+380.000,+380.025,+075.0,+0097.4,+0049.0,+100.0
356.480113,+380.000,+380.019,+074.9,+0097.4,+0049.0,+100.0
357.538479,+380.000,+380.029,+074.5,+0097.4,+0049.0,+100.0
358.618835,+380.000,+380.054,+073.4,+0097.4,+0049.0,+100.0
359.689224,+380.000,+380.091,+072.6,+0097.4,+0049.0,+100.0
360.770904,+380.000,+380.118,+072.3,+0097.4,+0049.0,+100.0
361.839712,+380.000,+380.116,+072.4,+0097.4,+0049.0,+100.0
362.919460,+380.000,+380.123,+072.1,+0097.4,+0049.0,+100.0
363.999321,+380.000,+380.118,+072.4,+0097.4,+0049.0,+100.0
365.070328,+380.000,+380.095,+073.0,+0097.4,+0049.0,+100.0
366.129690,+380.000,+380.075,+073.6,+0097.4,+0049.0,+100.0
367.210022,+380.000,+380.051,+074.1,+0097.4,+0049.0,+100.0
368.280470,+380.000,+380.032,+074.4,+0097.4,+0049.0,+100.0
369.420823,+380.000,+380.018,+074.5,+0097.4,+0049.0,+100.0
370.511159,+380.000,+380.013,+074.8,+0097.4,+0049.0,+100.0
371.581963,+380.000,+379.999,+074.7,+0097.4,+0049.0,+100.0
372.651765,+380.000,+380.012,+074.3,+0097.4,+0049.0,+100.0
373.733003,+380.000,+380.004,+074.8,+0097.4,+0049.0,+100.0
374.831987,+380.000,+380.000,+074.3,+0097.4,+0049.0,+100.0
375.951653,+380.000,+380.022,+073.7,+0097.4,+0049.0,+100.0
377.043400,+380.000,+380.057,+072.4,+0097.4,+0049.0,+100.0
378.138613,+380.000,+380.090,+071.9,+0097.4,+0049.0,+100.0
379.242622,+380.000,+380.105,+072.0,+0097.4,+0049.0,+100.0
380.353029,+380.000,+380.091,+072.4,+0097.4,+0049.0,+100.0
381.498809,+380.000,+380.094,+071.9,+0097.4,+0049.0,+100.0
382.591815,+380.000,+380.092,+072.3,+0097.4,+0049.0,+100.0
383.674333,+380.000,+380.065,+073.1,+0097.4,+0049.0,+100.0
384.774098,+380.000,+380.033,+073.9,+0097.4,+0049.0,+100.0
385.896103,+380.000,+380.016,+074.0,+0097.4,+0049.0,+100.0
386.983612,+380.000,+380.009,+073.8,+0097.4,+0049.0,+100.0
388.057375,+380.000,+380.028,+073.0,+0097.4,+0049.0,+100.0
389.154383,+380.000,+380.045,+072.9,+0097.4,+0049.0,+100.0
390.247015,+380.000,+380.034,+073.2,+0097.4,+0049.0,+100.0
391.387473,+380.000,+380.029,+073.5,+0097.4,+0049.0,+100.0
392.506245,+380.000,+380.027,+073.0,+0097.4,+0049.0,+100.0
393.591847,+380.000,+380.048,+072.5,+0097.4,+0049.0,+100.0
394.708390,+380.000,+380.058,+072.2,+0097.4,+0049.0,+100.0
395.828397,+380.000,+380.067,+072.1,+0097.4,+0049.0,+100.0
396.916769,+380.000,+380.068,+072.3,+0097.4,+0049.0,+100.0
397.986694,+380.000,+380.045,+073.0,+0097.4,+0049.0,+100.0
399.083233,+380.000,+380.034,+072.9,+0097.4,+0049.0,+100.0
400.176850,+380.000,+380.038,+072.7,+0097.4,+0049.0,+100.0
401.259604,+380.000,+380.036,+072.8,+0097.4,+0049.0,+100.0
402.415456,+380.000,+380.029,+073.0,+0097.4,+0049.0,+100.0
403.498091,+380.000,+380.004,+073.8,+0097.4,+0049.0,+100.0
404.587502,+380.000,+379.990,+074.0,+0097.4,+0049.0,+100.0
405.709158,+380.000,+379.990,+073.5,+0097.4,+0049.0,+100.0
406.795235,+380.000,+379.989,+073.8,+0097.4,+0049.0,+100.0
407.890633,+380.000,+379.995,+073.5,+0097.4,+0049.0,+100.0
408.978373,+380.000,+379.996,+073.3,+0097.4,+0049.0,+100.0
410.058964,+380.000,+380.021,+072.4,+0097.4,+0049.0,+100.0
411.138967,+380.000,+380.053,+071.6,+0097.4,+0049.0,+100.0
412.199358,+380.000,+380.066,+071.6,+0097.4,+0049.0,+100.0
413.279532,+380.000,+380.083,+071.0,+0097.4,+0049.0,+100.0
414.409492,+380.000,+380.089,+071.3,+0097.4,+0049.0,+100.0
415.519418,+380.000,+380.078,+071.4,+0097.4,+0049.0,+100.0
416.589473,+380.000,+380.072,+071.7,+0097.4,+0049.0,+100.0
417.659912,+380.000,+380.054,+072.1,+0097.4,+0049.0,+100.0
418.740865,+380.000,+380.021,+073.4,+0097.4,+0049.0,+100.0
419.820268,+380.000,+379.988,+073.9,+0097.4,+0049.0,+100.0
420.891332,+380.000,+379.957,+074.2,+0097.4,+0049.0,+100.0
421.950847,+380.000,+379.956,+074.1,+0097.4,+0049.0,+100.0
423.020884,+380.000,+379.968,+073.6,+0097.4,+0049.0,+100.0
424.121620,+380.000,+379.987,+072.9,+0097.4,+0049.0,+100.0
425.181624,+380.000,+380.004,+072.8,+0097.4,+0049.0,+100.0
426.252473,+380.000,+380.022,+072.1,+0097.4,+0049.0,+100.0
427.342230,+380.000,+380.048,+071.5,+0097.4,+0049.0,+100.0
428.454296,+380.000,+380.062,+071.1,+0097.4,+0049.0,+100.0
429.532547,+380.000,+380.077,+070.9,+0097.4,+0049.0,+100.0
430.612513,+380.000,+380.085,+070.9,+0097.4,+0049.0,+100.0
431.682539,+380.000,+380.075,+071.4,+0097.4,+0049.0,+100.0
432.742958,+380.000,+380.063,+071.2,+0097.4,+0049.0,+100.0
433.823594,+380.000,+380.059,+071.8,+0097.4,+0049.0,+100.0
434.924026,+380.000,+380.015,+072.9,+0097.4,+0049.0,+100.0
436.013555,+380.000,+379.999,+072.9,+0097.4,+0049.0,+100.0
437.088172,+380.000,+379.977,+073.8,+0097.4,+0049.0,+100.0
438.145001,+380.000,+379.966,+073.4,+0097.4,+0049.0,+100.0
439.224563,+380.000,+379.971,+073.3,+0097.4,+0049.0,+100.0
440.324553,+380.000,+379.980,+073.0,+0097.4,+0049.0,+100.0
441.445079,+380.000,+379.994,+072.5,+0097.4,+0049.0,+100.0
442.535717,+380.000,+380.008,+072.2,+0097.4,+0049.0,+100.0
443.615026,+380.000,+380.035,+071.3,+0097.4,+0049.0,+100.0
444.705450,+380.000,+380.054,+071.1,+0097.4,+0049.0,+100.0
445.816033,+380.000,+380.055,+071.2,+0097.4,+0049.0,+100.0
446.885978,+380.000,+380.068,+070.8,+0097.4,+0049.0,+100.0
447.946683,+380.000,+380.052,+071.6,+0097.4,+0049.0,+100.0
449.026361,+380.000,+380.033,+072.3,+0097.4,+0049.0,+100.0
450.110605,+380.000,+380.002,+072.7,+0097.4,+0049.0,+100.0
451.187448,+380.000,+379.998,+072.5,+0097.4,+0049.0,+100.0
452.257247,+380.000,+380.001,+072.2,+0097.4,+0049.0,+100.0
453.387523,+380.000,+380.024,+071.6,+0097.4,+0049.0,+100.0
454.517255,+380.000,+380.021,+072.0,+0097.4,+0049.0,+100.0
455.637897,+380.000,+380.024,+071.7,+0097.4,+0049.0,+100.0
456.718349,+380.000,+380.027,+071.7,+0097.4,+0049.0,+100.0
457.788417,+380.000,+380.028,+071.6,+0097.4,+0049.0,+100.0
458.858555,+380.000,+380.030,+071.5,+0097.4,+0049.0,+100.0
459.939695,+380.000,+380.032,+071.7,+0097.4,+0049.0,+100.0
461.028375,+380.000,+380.026,+071.7,+0097.4,+0049.0,+100.0
462.109353,+380.000,+380.019,+072.1,+0097.4,+0049.0,+100.0
463.179485,+380.000,+380.013,+071.9,+0097.4,+0049.0,+100.0
464.249226,+380.000,+380.034,+071.0,+0097.4,+0049.0,+100.0
465.359662,+380.000,+380.037,+071.4,+0097.4,+0049.0,+100.0
466.480065,+380.000,+380.039,+071.2,+0097.4,+0049.0,+100.0
467.550579,+380.000,+380.019,+072.0,+0097.4,+0049.0,+100.0
468.640692,+380.000,+380.008,+072.1,+0097.4,+0049.0,+100.0
469.721365,+380.000,+379.997,+072.3,+0097.4,+0049.0,+100.0
470.800672,+380.000,+379.996,+072.3,+0097.4,+0049.0,+100.0
471.860980,+380.000,+379.988,+072.3,+0097.4,+0049.0,+100.0
472.941619,+380.000,+380.003,+071.7,+0097.4,+0049.0,+100.0
474.021375,+380.000,+380.017,+071.4,+0097.4,+0049.0,+100.0
475.091716,+380.000,+380.024,+071.4,+0097.4,+0049.0,+100.0
476.182325,+380.000,+380.025,+071.5,+0097.4,+0049.0,+100.0
477.251699,+380.000,+380.007,+072.1,+0097.4,+0049.0,+100.0
478.362651,+380.000,+380.006,+071.9,+0097.4,+0049.0,+100.0
479.492013,+380.000,+380.002,+072.0,+0097.4,+0049.0,+100.0
480.563084,+380.000,+379.999,+071.9,+0097.4,+0049.0,+100.0
481.652809,+380.000,+380.016,+071.4,+0097.4,+0049.0,+100.0
482.733241,+380.000,+380.024,+071.1,+0097.4,+0049.0,+100.0
483.812902,+380.000,+380.046,+070.8,+0097.4,+0049.0,+100.0
484.903651,+380.000,+380.038,+071.1,+0097.4,+0049.0,+100.0
486.013277,+380.000,+380.028,+071.4,+0097.4,+0049.0,+100.0
487.094458,+380.000,+380.024,+071.4,+0097.4,+0049.0,+100.0
488.164339,+380.000,+380.016,+071.6,+0097.4,+0049.0,+100.0
489.245092,+380.000,+380.015,+071.4,+0097.4,+0049.0,+100.0
490.354075,+380.000,+380.030,+071.1,+0097.4,+0049.0,+100.0
491.494304,+380.000,+380.020,+071.6,+0097.4,+0049.0,+100.0
492.571596,+380.000,+380.007,+071.8,+0097.4,+0049.0,+100.0
493.635565,+380.000,+380.004,+071.8,+0097.4,+0049.0,+100.0
494.735627,+380.000,+380.002,+071.9,+0097.4,+0049.0,+100.0
495.865865,+380.000,+379.999,+071.8,+0097.4,+0049.0,+100.0
496.946023,+380.000,+380.008,+071.1,+0097.4,+0049.0,+100.0
498.006735,+380.000,+380.029,+070.8,+0097.4,+0049.0,+100.0
499.086352,+380.000,+380.015,+072.0,+0097.4,+0049.0,+100.0
500.156656,+380.000,+379.997,+071.7,+0097.4,+0049.0,+100.0
501.236816,+380.000,+380.001,+071.8,+0097.4,+0049.0,+100.0
502.337433,+380.000,+380.008,+071.1,+0097.4,+0049.0,+100.0
503.457091,+380.000,+380.039,+070.4,+0097.4,+0049.0,+100.0
504.557756,+380.000,+380.046,+070.6,+0097.4,+0049.0,+100.0
505.687676,+380.000,+380.049,+070.4,+0097.4,+0049.0,+100.0
506.757666,+380.000,+380.046,+070.7,+0097.4,+0049.0,+100.0
507.828323,+380.000,+380.036,+070.8,+0097.4,+0049.0,+100.0
508.887854,+380.000,+380.030,+071.1,+0097.4,+0049.0,+100.0
509.958569,+380.000,+380.031,+070.8,+0097.4,+0049.0,+100.0
511.018629,+380.000,+380.028,+070.9,+0097.4,+0049.0,+100.0
512.089186,+380.000,+380.030,+070.8,+0097.4,+0049.0,+100.0
513.158748,+380.000,+380.034,+070.6,+0097.4,+0049.0,+100.0
514.220085,+380.000,+380.035,+070.7,+0097.4,+0049.0,+100.0
515.299375,+380.000,+380.031,+070.7,+0097.4,+0049.0,+100.0
516.429741,+380.000,+380.025,+071.0,+0097.4,+0049.0,+100.0
517.499488,+380.000,+380.008,+071.4,+0097.4,+0049.0,+100.0
518.579811,+380.000,+380.003,+071.4,+0097.4,+0049.0,+100.0
519.660302,+380.000,+379.998,+071.3,+0097.4,+0049.0,+100.0
520.740911,+380.000,+380.000,+071.5,+0097.4,+0049.0,+100.0
521.821168,+380.000,+380.006,+070.9,+0097.4,+0049.0,+100.0
522.891230,+380.000,+380.020,+070.8,+0097.4,+0049.0,+100.0
523.951508,+380.000,+380.017,+071.0,+0097.4,+0049.0,+100.0
525.042152,+380.000,+380.016,+070.7,+0097.4,+0049.0,+100.0
526.146592,+380.000,+380.031,+070.3,+0097.4,+0049.0,+100.0
527.251693,+380.000,+380.042,+070.3,+0097.4,+0049.0,+100.0
528.361899,+380.000,+380.026,+070.8,+0097.4,+0049.0,+100.0
529.492705,+380.000,+380.023,+070.7,+0097.4,+0049.0,+100.0
530.563543,+380.000,+380.024,+070.6,+0097.4,+0049.0,+100.0
531.647108,+380.000,+380.028,+070.7,+0097.4,+0049.0,+100.0
532.753031,+380.000,+380.007,+071.3,+0097.4,+0049.0,+100.0
533.833452,+380.000,+380.002,+071.1,+0097.4,+0049.0,+100.0
534.943652,+380.000,+379.998,+071.3,+0097.4,+0049.0,+100.0
536.033441,+380.000,+380.003,+071.0,+0097.4,+0049.0,+100.0
537.114300,+380.000,+379.995,+071.6,+0097.4,+0049.0,+100.0
538.186061,+380.000,+379.985,+071.6,+0097.4,+0049.0,+100.0
539.244944,+380.000,+379.987,+071.3,+0097.4,+0049.0,+100.0
540.344137,+380.000,+380.006,+070.6,+0097.4,+0049.0,+100.0
541.454525,+380.000,+380.022,+070.3,+0097.4,+0049.0,+100.0
542.540883,+380.000,+380.038,+070.0,+0097.4,+0049.0,+100.0
543.641587,+380.000,+380.038,+070.4,+0097.4,+0049.0,+100.0
544.769349,+380.000,+380.014,+070.9,+0097.4,+0049.0,+100.0
545.915726,+380.000,+380.019,+070.5,+0097.4,+0049.0,+100.0
546.990025,+380.000,+380.023,+070.4,+0097.4,+0049.0,+100.0
548.069999,+380.000,+380.017,+070.8,+0097.4,+0049.0,+100.0
549.157642,+380.000,+380.010,+070.6,+0097.4,+0049.0,+100.0
550.236453,+380.000,+380.029,+070.1,+0097.4,+0049.0,+100.0
551.347192,+380.000,+380.018,+070.7,+0097.4,+0049.0,+100.0
552.499463,+380.000,+380.021,+070.3,+0097.4,+0049.0,+100.0
553.586872,+380.000,+380.032,+070.1,+0097.4,+0049.0,+100.0
554.672881,+380.000,+380.021,+071.0,+0097.4,+0049.0,+100.0
555.788554,+380.000,+379.978,+071.9,+0097.4,+0049.0,+100.0
556.870535,+380.000,+379.963,+071.8,+0097.4,+0049.0,+100.0
557.995545,+380.000,+379.957,+072.1,+0097.4,+0049.0,+100.0
559.087772,+380.000,+379.955,+071.9,+0097.4,+0049.0,+100.0
560.171118,+380.000,+379.973,+071.3,+0097.4,+0049.0,+100.0
561.268124,+380.000,+379.991,+070.8,+0097.4,+0049.0,+100.0
562.421856,+380.000,+380.020,+069.7,+0097.4,+0049.0,+100.0
563.498528,+380.000,+380.064,+068.9,+0097.4,+0049.0,+100.0
564.600060,+380.000,+380.070,+069.6,+0097.4,+0049.0,+100.0
565.726982,+380.000,+380.041,+070.2,+0097.4,+0049.0,+100.0
566.835321,+380.000,+380.040,+069.6,+0097.4,+0049.0,+100.0
567.933327,+380.000,+380.052,+069.6,+0097.4,+0049.0,+100.0
569.019821,+380.000,+380.037,+070.3,+0097.4,+0049.0,+100.0
570.111180,+380.000,+380.011,+071.0,+0097.4,+0049.0,+100.0
571.202864,+380.000,+379.976,+071.8,+0097.4,+0049.0,+100.0
572.302097,+380.000,+379.963,+071.8,+0097.4,+0049.0,+100.0
573.431397,+380.000,+379.959,+071.7,+0097.4,+0049.0,+100.0
574.521422,+380.000,+379.974,+071.3,+0097.4,+0049.0,+100.0
575.648633,+380.000,+379.982,+070.8,+0097.4,+0049.0,+100.0
576.743590,+380.000,+380.000,+070.7,+0097.4,+0049.0,+100.0
577.838258,+380.000,+380.008,+070.3,+0097.4,+0049.0,+100.0
578.924895,+380.000,+380.016,+070.5,+0097.4,+0049.0,+100.0
580.012905,+380.000,+380.002,+070.7,+0097.4,+0049.0,+100.0
581.102879,+380.000,+380.014,+070.2,+0097.4,+0049.0,+100.0
582.202887,+380.000,+380.038,+069.4,+0097.4,+0049.0,+100.0
583.298898,+380.000,+380.058,+069.0,+0097.4,+0049.0,+100.0
584.456877,+380.000,+380.061,+069.4,+0097.4,+0049.0,+100.0
585.626886,+380.000,+380.035,+070.4,+0097.4,+0049.0,+100.0
586.723900,+380.000,+380.001,+071.2,+0097.4,+0049.0,+100.0
587.817150,+380.000,+379.980,+071.3,+0097.4,+0049.0,+100.0
588.912695,+380.000,+379.982,+071.1,+0097.4,+0049.0,+100.0
590.006706,+380.000,+379.986,+070.8,+0097.4,+0049.0,+100.0
591.104786,+380.000,+379.997,+070.4,+0097.4,+0049.0,+100.0
592.185375,+380.000,+380.020,+069.9,+0097.4,+0049.0,+100.0
593.280385,+380.000,+380.020,+070.4,+0097.4,+0049.0,+100.0
594.435723,+380.000,+380.025,+069.8,+0097.4,+0049.0,+100.0
595.592447,+380.000,+380.020,+070.4,+0097.4,+0049.0,+100.0
596.687455,+380.000,+380.019,+069.9,+0097.4,+0049.0,+100.0
597.768441,+380.000,+380.014,+070.6,+0097.4,+0049.0,+100.0
598.866347,+380.000,+379.997,+070.8,+0097.4,+0049.0,+100.0
599.936352,+380.000,+379.993,+070.7,+0097.4,+0049.0,+100.0
601.040668,+380.000,+379.997,+070.7,+0097.4,+0049.0,+100.0
602.180763,+380.000,+379.984,+071.0,+0097.4,+0049.0,+100.0
603.305576,+380.000,+379.987,+070.9,+0097.4,+0049.0,+100.0
604.460964,+380.000,+379.995,+070.5,+0097.4,+0049.0,+100.0
605.615978,+380.000,+380.002,+070.5,+0097.4,+0049.0,+100.0
606.723147,+380.000,+380.012,+070.0,+0097.4,+0049.0,+100.0
607.821156,+380.000,+380.029,+069.8,+0097.4,+0049.0,+100.0
608.904166,+380.000,+380.023,+070.0,+0097.4,+0049.0,+100.0
610.015011,+380.000,+380.020,+070.0,+0097.4,+0049.0,+100.0
611.110306,+380.000,+380.027,+069.9,+0097.4,+0049.0,+100.0
612.198431,+380.000,+380.017,+070.3,+0097.4,+0049.0,+100.0
613.268324,+380.000,+380.014,+070.1,+0097.4,+0049.0,+100.0
614.402592,+380.000,+380.020,+070.0,+0097.4,+0049.0,+100.0
615.536600,+420.000,+380.014,+100.0,+0097.4,+0049.0,+100.0
616.633606,+420.000,+380.006,+100.0,+0097.4,+0049.0,+100.0
617.750166,+420.000,+380.052,+100.0,+0097.4,+0049.0,+100.0
618.839147,+420.000,+380.226,+100.0,+0097.4,+0049.0,+100.0
619.929807,+420.000,+380.553,+100.0,+0097.4,+0049.0,+100.0
621.010981,+420.000,+381.002,+100.0,+0097.4,+0049.0,+100.0
622.124945,+420.000,+381.560,+100.0,+0097.4,+0049.0,+100.0
623.240937,+420.000,+382.201,+100.0,+0097.4,+0049.0,+100.0
624.343945,+420.000,+382.934,+100.0,+0097.4,+0049.0,+100.0
625.461737,+420.000,+383.607,+100.0,+0097.4,+0049.0,+100.0
626.541030,+420.000,+384.230,+100.0,+0097.4,+0049.0,+100.0
627.652430,+420.000,+384.912,+100.0,+0097.4,+0049.0,+100.0
628.731822,+420.000,+385.606,+100.0,+0097.4,+0049.0,+100.0
629.836821,+420.000,+386.318,+100.0,+0097.4,+0049.0,+100.0
630.921807,+420.000,+387.004,+100.0,+0097.4,+0049.0,+100.0
631.992124,+420.000,+387.672,+100.0,+0097.4,+0049.0,+100.0
633.063690,+420.000,+388.315,+100.0,+0097.4,+0049.0,+100.0
634.142425,+420.000,+388.896,+100.0,+0097.4,+0049.0,+100.0
635.222617,+420.000,+389.518,+100.0,+0097.4,+0049.0,+100.0
636.322883,+420.000,+390.157,+100.0,+0097.4,+0049.0,+100.0
637.444100,+420.000,+390.758,+100.0,+0097.4,+0049.0,+100.0
638.523485,+420.000,+391.335,+100.0,+0097.4,+0049.0,+100.0
639.593518,+420.000,+391.888,+100.0,+0097.4,+0049.0,+100.0
640.654038,+420.000,+392.373,+100.0,+0097.4,+0049.0,+100.0
641.745400,+420.000,+392.931,+100.0,+0097.4,+0049.0,+100.0
642.824622,+420.000,+393.498,+100.0,+0097.4,+0049.0,+100.0
643.895747,+420.000,+394.020,+100.0,+0097.4,+0049.0,+100.0
644.966323,+420.000,+394.524,+100.0,+0097.4,+0049.0,+100.0
646.044545,+420.000,+394.984,+100.0,+0097.4,+0049.0,+100.0
647.135417,+420.000,+395.492,+100.0,+0097.4,+0049.0,+100.0
648.216007,+420.000,+395.975,+100.0,+0097.4,+0049.0,+100.0
649.316498,+420.000,+396.433,+100.0,+0097.4,+0049.0,+100.0
650.437458,+420.000,+396.883,+100.0,+0097.4,+0049.0,+100.0
651.506073,+420.000,+397.328,+100.0,+0097.4,+0049.0,+100.0
652.576330,+420.000,+397.761,+100.0,+0097.4,+0049.0,+100.0
653.670883,+420.000,+398.215,+100.0,+0097.4,+0049.0,+100.0
654.756891,+420.000,+398.662,+100.0,+0097.4,+0049.0,+100.0
655.876728,+420.000,+399.092,+100.0,+0097.4,+0049.0,+100.0
656.947716,+420.000,+399.467,+100.0,+0097.4,+0049.0,+100.0
658.027725,+420.000,+399.858,+100.0,+0097.4,+0049.0,+100.0
659.108387,+420.000,+400.250,+100.0,+0097.4,+0049.0,+100.0
660.197537,+420.000,+400.643,+100.0,+0097.4,+0049.0,+100.0
661.267715,+420.000,+401.034,+100.0,+0097.4,+0049.0,+100.0
662.408594,+420.000,+401.423,+100.0,+0097.4,+0049.0,+100.0
663.517091,+420.000,+401.788,+100.0,+0097.4,+0049.0,+100.0
664.628530,+420.000,+402.141,+100.0,+0097.4,+0049.0,+100.0
665.738528,+420.000,+402.498,+100.0,+0097.4,+0049.0,+100.0
666.817431,+420.000,+402.832,+100.0,+0097.4,+0049.0,+100.0
667.909120,+420.000,+403.152,+100.0,+0097.4,+0049.0,+100.0
668.986470,+420.000,+403.508,+100.0,+0097.4,+0049.0,+100.0
670.060198,+420.000,+403.824,+100.0,+0097.4,+0049.0,+100.0
671.131560,+420.000,+404.169,+100.0,+0097.4,+0049.0,+100.0
672.210171,+420.000,+404.488,+100.0,+0097.4,+0049.0,+100.0
673.280850,+420.000,+404.805,+100.0,+0097.4,+0049.0,+100.0
674.430766,+420.000,+405.128,+100.0,+0097.4,+0049.0,+100.0
675.541866,+420.000,+405.451,+100.0,+0097.4,+0049.0,+100.0
676.615678,+420.000,+405.744,+100.0,+0097.4,+0049.0,+100.0
677.701076,+420.000,+406.050,+100.0,+0097.4,+0049.0,+100.0
678.777310,+420.000,+406.341,+100.0,+0097.4,+0049.0,+100.0
679.871791,+420.000,+406.634,+100.0,+0097.4,+0049.0,+100.0
680.952622,+420.000,+406.907,+100.0,+0097.4,+0049.0,+100.0
682.032228,+420.000,+407.214,+100.0,+0097.4,+0049.0,+100.0
683.102783,+420.000,+407.511,+100.0,+0097.4,+0049.0,+100.0
684.208474,+420.000,+407.771,+100.0,+0097.4,+0049.0,+100.0
685.302681,+420.000,+408.028,+100.0,+0097.4,+0049.0,+100.0
686.439152,+420.000,+408.298,+100.0,+0097.4,+0049.0,+100.0
687.554043,+420.000,+408.566,+100.0,+0097.4,+0049.0,+100.0
688.643775,+420.000,+408.812,+100.0,+0097.4,+0049.0,+100.0
689.743959,+420.000,+409.064,+100.0,+0097.4,+0049.0,+100.0
690.844420,+420.000,+409.320,+100.0,+0097.4,+0049.0,+100.0
691.940028,+420.000,+409.588,+100.0,+0097.4,+0049.0,+100.0
693.027812,+420.000,+409.856,+100.0,+0097.4,+0049.0,+100.0
694.132824,+420.000,+410.115,+100.0,+0097.4,+0049.0,+100.0
695.234831,+420.000,+410.366,+100.0,+0097.4,+0049.0,+100.0
696.368232,+420.000,+410.634,+100.0,+0097.4,+0049.0,+100.0
697.541281,+420.000,+410.859,+100.0,+0097.4,+0049.0,+100.0
698.639288,+420.000,+411.105,+100.0,+0097.4,+0049.0,+100.0
699.749103,+420.000,+411.353,+100.0,+0097.4,+0049.0,+100.0
700.876109,+420.000,+411.610,+100.0,+0097.4,+0049.0,+100.0
701.988116,+420.000,+411.844,+100.0,+0097.4,+0049.0,+100.0
703.085110,+420.000,+412.094,+100.0,+0097.4,+0049.0,+100.0
704.157635,+420.000,+412.298,+100.0,+0097.4,+0049.0,+100.0
705.291192,+420.000,+412.527,+100.0,+0097.4,+0049.0,+100.0
706.441337,+420.000,+412.747,+100.0,+0097.4,+0049.0,+100.0
707.542416,+420.000,+412.995,+100.0,+0097.4,+0049.0,+100.0
708.650426,+420.000,+413.233,+100.0,+0097.4,+0049.0,+100.0
709.744439,+420.000,+413.430,+100.0,+0097.4,+0049.0,+100.0
710.858117,+420.000,+413.638,+100.0,+0097.4,+0049.0,+100.0
711.952037,+420.000,+413.858,+100.0,+0097.4,+0049.0,+100.0
713.054041,+420.000,+414.079,+100.0,+0097.4,+0049.0,+100.0
714.179051,+420.000,+414.304,+100.0,+0097.4,+0049.0,+100.0
715.303820,+420.000,+414.523,+100.0,+0097.4,+0049.0,+100.0
716.459867,+420.000,+414.728,+100.0,+0097.4,+0049.0,+100.0
717.559871,+420.000,+414.947,+100.0,+0097.4,+0049.0,+100.0
718.673362,+420.000,+415.160,+100.0,+0097.4,+0049.0,+100.0
719.759132,+420.000,+415.357,+100.0,+0097.4,+0049.0,+100.0
720.840145,+420.000,+415.560,+100.0,+0097.4,+0049.0,+100.0
721.935355,+420.000,+415.753,+100.0,+0097.4,+0049.0,+100.0
723.050721,+420.000,+415.958,+100.0,+0097.4,+0049.0,+100.0
724.151735,+420.000,+416.132,+100.0,+0097.4,+0049.0,+100.0
725.230740,+420.000,+416.334,+100.0,+0097.4,+0049.0,+100.0
726.321494,+420.000,+416.536,+100.0,+0097.4,+0049.0,+100.0
727.441501,+420.000,+416.722,+100.0,+0097.4,+0049.0,+100.0
728.522814,+420.000,+416.937,+100.0,+0097.4,+0049.0,+100.0
729.584930,+420.000,+417.137,+100.0,+0097.4,+0049.0,+100.0
730.681967,+420.000,+417.334,+100.0,+0097.4,+0049.0,+100.0
731.762455,+420.000,+417.517,+100.0,+0097.4,+0049.0,+100.0
732.843046,+420.000,+417.706,+100.0,+0097.4,+0049.0,+100.0
733.912364,+420.000,+417.875,+100.0,+0097.4,+0049.0,+100.0
734.975976,+420.000,+418.062,+100.0,+0097.4,+0049.0,+100.0
736.052525,+420.000,+418.250,+100.0,+0097.4,+0049.0,+100.0
737.143301,+420.000,+418.464,+100.0,+0097.4,+0049.0,+100.0
738.222804,+420.000,+418.660,+100.0,+0097.4,+0049.0,+100.0
739.285495,+420.000,+418.847,+100.0,+0097.4,+0049.0,+100.0
740.423591,+420.000,+419.019,+099.3,+0097.4,+0049.0,+100.0
741.515282,+420.000,+419.197,+096.4,+0097.4,+0049.0,+100.0
742.604287,+420.000,+419.386,+093.5,+0097.4,+0049.0,+100.0
743.674573,+420.000,+419.553,+091.4,+0097.4,+0049.0,+100.0
744.765247,+420.000,+419.697,+089.9,+0097.4,+0049.0,+100.0
745.876251,+420.000,+419.804,+089.2,+0097.4,+0049.0,+100.0
746.945234,+420.000,+419.863,+089.8,+0097.4,+0049.0,+100.0
748.014878,+420.000,+419.881,+091.3,+0097.4,+0049.0,+100.0
749.075902,+420.000,+419.870,+092.9,+0097.4,+0049.0,+100.0
750.156437,+420.000,+419.841,+094.6,+0097.4,+0049.0,+100.0
751.236157,+420.000,+419.802,+096.4,+0097.4,+0049.0,+100.0
752.326241,+420.000,+419.787,+097.0,+0097.4,+0049.0,+100.0
753.446149,+420.000,+419.792,+097.3,+0097.4,+0049.0,+100.0
754.560178,+420.000,+419.830,+096.4,+0097.4,+0049.0,+100.0
755.684474,+420.000,+419.918,+094.1,+0097.4,+0049.0,+100.0
756.759395,+420.000,+420.004,+092.9,+0097.4,+0049.0,+100.0
757.838470,+420.000,+420.076,+091.9,+0097.4,+0049.0,+100.0
758.917324,+420.000,+420.161,+090.1,+0097.4,+0049.0,+100.0
759.987615,+420.000,+420.221,+089.7,+0097.4,+0049.0,+100.0
761.077778,+420.000,+420.275,+088.8,+0097.4,+0049.0,+100.0
762.168678,+420.000,+420.273,+090.3,+0097.4,+0049.0,+100.0
763.248086,+420.000,+420.258,+090.6,+0097.4,+0049.0,+100.0
764.358614,+420.000,+420.235,+091.6,+0097.4,+0049.0,+100.0
765.468518,+420.000,+420.211,+092.6,+0097.4,+0049.0,+100.0
766.540935,+420.000,+420.192,+092.7,+0097.4,+0049.0,+100.0
767.609731,+420.000,+420.172,+093.3,+0097.4,+0049.0,+100.0
768.679664,+420.000,+420.179,+092.7,+0097.4,+0049.0,+100.0
769.751313,+420.000,+420.200,+092.3,+0097.4,+0049.0,+100.0
770.849672,+420.000,+420.230,+091.2,+0097.4,+0049.0,+100.0
771.911958,+420.000,+420.277,+090.2,+0097.4,+0049.0,+100.0
772.979939,+420.000,+420.299,+089.8,+0097.4,+0049.0,+100.0
774.061857,+420.000,+420.317,+089.4,+0097.4,+0049.0,+100.0
775.140576,+420.000,+420.321,+089.6,+0097.4,+0049.0,+100.0
776.210586,+420.000,+420.316,+089.4,+0097.4,+0049.0,+100.0
777.311200,+420.000,+420.325,+089.1,+0097.4,+0049.0,+100.0
778.431103,+420.000,+420.324,+089.1,+0097.4,+0049.0,+100.0
779.512509,+420.000,+420.321,+089.2,+0097.4,+0049.0,+100.0
780.571850,+420.000,+420.313,+089.0,+0097.4,+0049.0,+100.0
781.651330,+420.000,+420.311,+089.1,+0097.4,+0049.0,+100.0
782.732606,+420.000,+420.279,+090.1,+0097.4,+0049.0,+100.0
783.802573,+420.000,+420.263,+089.8,+0097.4,+0049.0,+100.0
784.882583,+420.000,+420.250,+090.5,+0097.4,+0049.0,+100.0
786.014982,+420.000,+420.225,+090.3,+0097.4,+0049.0,+100.0
787.083122,+420.000,+420.234,+089.7,+0097.4,+0049.0,+100.0
788.164132,+420.000,+420.251,+088.7,+0097.4,+0049.0,+100.0
789.243582,+420.000,+420.298,+087.1,+0097.4,+0049.0,+100.0
790.338121,+420.000,+420.343,+086.3,+0097.4,+0049.0,+100.0
791.453811,+420.000,+420.346,+086.7,+0097.4,+0049.0,+100.0
792.553635,+420.000,+420.317,+087.3,+0097.4,+0049.0,+100.0
793.634787,+420.000,+420.286,+087.8,+0097.4,+0049.0,+100.0
794.733707,+420.000,+420.264,+087.7,+0097.4,+0049.0,+100.0
795.854890,+420.000,+420.252,+088.3,+0097.4,+0049.0,+100.0
796.934369,+420.000,+420.220,+088.6,+0097.4,+0049.0,+100.0
798.005064,+420.000,+420.216,+088.1,+0097.4,+0049.0,+100.0
799.075691,+420.000,+420.208,+088.4,+0097.4,+0049.0,+100.0
800.155958,+420.000,+420.195,+088.5,+0097.4,+0049.0,+100.0
801.225387,+420.000,+420.193,+088.2,+0097.4,+0049.0,+100.0
802.326338,+420.000,+420.201,+087.5,+0097.4,+0049.0,+100.0
803.446625,+420.000,+420.232,+086.3,+0097.4,+0049.0,+100.0
804.536262,+420.000,+420.244,+086.2,+0097.4,+0049.0,+100.0
805.646596,+420.000,+420.253,+085.8,+0097.4,+0049.0,+100.0
806.716404,+420.000,+420.246,+085.8,+0097.4,+0049.0,+100.0
807.787818,+420.000,+420.243,+085.7,+0097.4,+0049.0,+100.0
808.869835,+420.000,+420.231,+086.4,+0097.4,+0049.0,+100.0
809.946736,+420.000,+420.188,+087.2,+0097.4,+0049.0,+100.0
811.018945,+420.000,+420.171,+086.8,+0097.4,+0049.0,+100.0
812.107955,+420.000,+420.179,+086.3,+0097.4,+0049.0,+100.0
813.178023,+420.000,+420.181,+086.3,+0097.4,+0049.0,+100.0
814.267897,+420.000,+420.171,+086.2,+0097.4,+0049.0,+100.0
815.387905,+420.000,+420.156,+086.7,+0097.4,+0049.0,+100.0
816.518878,+420.000,+420.147,+086.8,+0097.4,+0049.0,+100.0
817.590867,+420.000,+420.130,+086.6,+0097.4,+0049.0,+100.0
818.695047,+420.000,+420.137,+086.4,+0097.4,+0049.0,+100.0
819.770086,+420.000,+420.146,+085.5,+0097.4,+0049.0,+100.0
820.860131,+420.000,+420.166,+085.3,+0097.4,+0049.0,+100.0
821.939522,+420.000,+420.157,+085.4,+0097.4,+0049.0,+100.0
823.020220,+420.000,+420.175,+084.5,+0097.4,+0049.0,+100.0
824.090104,+420.000,+420.185,+084.5,+0097.4,+0049.0,+100.0
825.180567,+420.000,+420.173,+084.7,+0097.4,+0049.0,+100.0
826.260726,+420.000,+420.154,+085.6,+0097.4,+0049.0,+100.0
827.370625,+420.000,+420.129,+085.4,+0097.4,+0049.0,+100.0
828.481230,+420.000,+420.119,+085.8,+0097.4,+0049.0,+100.0
829.562441,+420.000,+420.098,+086.1,+0097.4,+0049.0,+100.0
830.641261,+420.000,+420.084,+086.2,+0097.4,+0049.0,+100.0
831.723339,+420.000,+420.091,+085.4,+0097.4,+0049.0,+100.0
832.812083,+420.000,+420.104,+085.1,+0097.4,+0049.0,+100.0
833.881450,+420.000,+420.124,+084.3,+0097.4,+0049.0,+100.0
834.972132,+420.000,+420.144,+083.6,+0097.4,+0049.0,+100.0
836.062112,+420.000,+420.163,+083.3,+0097.4,+0049.0,+100.0
837.132354,+420.000,+420.151,+084.2,+0097.4,+0049.0,+100.0
838.213022,+420.000,+420.135,+083.9,+0097.4,+0049.0,+100.0
839.282889,+420.000,+420.138,+083.9,+0097.4,+0049.0,+100.0
840.422631,+420.000,+420.094,+085.6,+0097.4,+0049.0,+100.0
841.523868,+420.000,+420.049,+086.1,+0097.4,+0049.0,+100.0
842.623543,+420.000,+420.052,+085.0,+0097.4,+0049.0,+100.0
843.693915,+420.000,+420.079,+084.5,+0097.4,+0049.0,+100.0
844.785179,+420.000,+420.078,+084.6,+0097.4,+0049.0,+100.0
845.914629,+420.000,+420.090,+084.1,+0097.4,+0049.0,+100.0
846.986297,+420.000,+420.112,+083.1,+0097.4,+0049.0,+100.0
848.074753,+420.000,+420.145,+081.9,+0097.4,+0049.0,+100.0
849.149395,+420.000,+420.175,+081.6,+0097.4,+0049.0,+100.0
850.224874,+420.000,+420.169,+082.2,+0097.4,+0049.0,+100.0
851.315461,+420.000,+420.146,+082.9,+0097.4,+0049.0,+100.0
852.426087,+420.000,+420.104,+083.8,+0097.4,+0049.0,+100.0
853.496723,+420.000,+420.072,+084.4,+0097.4,+0049.0,+100.0
854.600189,+420.000,+420.053,+084.5,+0097.4,+0049.0,+100.0
855.716233,+420.000,+420.054,+084.0,+0097.4,+0049.0,+100.0
856.786940,+420.000,+420.061,+083.8,+0097.4,+0049.0,+100.0
857.870696,+420.000,+420.072,+083.4,+0097.4,+0049.0,+100.0
858.946616,+420.000,+420.078,+083.3,+0097.4,+0049.0,+100.0
860.017623,+420.000,+420.096,+082.4,+0097.4,+0049.0,+100.0
861.087354,+420.000,+420.112,+082.4,+0097.4,+0049.0,+100.0
862.157413,+420.000,+420.091,+083.1,+0097.4,+0049.0,+100.0
863.237432,+420.000,+420.087,+082.9,+0097.4,+0049.0,+100.0
864.318094,+420.000,+420.065,+083.5,+0097.4,+0049.0,+100.0
865.438526,+420.000,+420.074,+082.7,+0097.4,+0049.0,+100.0
866.516536,+420.000,+420.073,+082.9,+0097.4,+0049.0,+100.0
867.608884,+420.000,+420.085,+082.3,+0097.4,+0049.0,+100.0
