Time(s),SetTemp(K),Temp(K),HeatPower,P,I,D
0.000000,+420.000,+420.073,+080.4,+0097.4,+0049.0,+100.0
1.073484,+420.000,+420.068,+080.8,+0097.4,+0049.0,+100.0
2.153311,+420.000,+420.053,+080.8,+0097.4,+0049.0,+100.0
3.213609,+420.000,+420.052,+080.9,+0097.4,+0049.0,+100.0
4.294334,+420.000,+420.054,+080.6,+0097.4,+0049.0,+100.0
5.374934,+420.000,+420.060,+080.4,+0097.4,+0049.0,+100.0
6.454607,+420.000,+420.054,+080.7,+0097.4,+0049.0,+100.0
7.543898,+420.000,+420.057,+080.4,+0097.4,+0049.0,+100.0
8.621763,+420.000,+420.052,+080.4,+0097.4,+0049.0,+100.0
9.694710,+420.000,+420.072,+079.5,+0097.4,+0049.0,+100.0
10.815404,+420.000,+420.073,+080.2,+0097.4,+0049.0,+100.0
11.945387,+420.000,+420.052,+080.6,+0097.4,+0049.0,+100.0
13.015641,+420.000,+420.043,+080.6,+0097.4,+0049.0,+100.0
14.105958,+420.000,+420.040,+080.2,+0097.4,+0049.0,+100.0
15.186204,+420.000,+420.063,+079.6,+0097.4,+0049.0,+100.0
16.256783,+420.000,+420.075,+079.5,+0097.4,+0049.0,+100.0
17.326527,+420.000,+420.052,+000.0,+0097.4,+0049.0,+100.0
18.407346,+420.000,+420.039,+000.0,+0097.4,+0049.0,+100.0
19.476799,+420.000,+419.987,+001.3,+0097.4,+0049.0,+100.0
20.557317,+420.000,+419.785,+006.4,+0097.4,+0049.0,+100.0
21.628378,+420.000,+419.401,+014.4,+0097.4,+0049.0,+100.0
22.727456,+420.000,+418.854,+024.7,+0097.4,+0049.0,+100.0
23.867170,+420.000,+418.223,+035.7,+0097.4,+0049.0,+100.0
24.947328,+420.000,+417.500,+048.3,+0097.4,+0049.0,+100.0
26.018045,+420.000,+416.761,+060.1,+0097.4,+0049.0,+100.0
27.098395,+420.000,+416.084,+071.2,+0097.4,+0049.0,+100.0
28.198586,+420.000,+415.328,+082.4,+0097.4,+0049.0,+100.0
29.309081,+420.000,+414.799,+090.3,+0097.4,+0049.0,+100.0
30.379071,+420.000,+414.380,+094.7,+0097.4,+0049.0,+100.0
31.448802,+420.000,+414.143,+096.7,+0097.4,+0049.0,+100.0
32.530411,+420.000,+414.071,+096.1,+0097.4,+0049.0,+100.0
33.589392,+420.000,+414.145,+093.5,+0097.4,+0049.0,+100.0
34.679932,+420.000,+414.384,+087.9,+0097.4,+0049.0,+100.0
35.789837,+420.000,+414.719,+081.6,+0097.4,+0049.0,+100.0
36.910625,+420.000,+415.071,+075.9,+0097.4,+0049.0,+100.0
37.990348,+420.000,+415.408,+070.6,+0097.4,+0049.0,+100.0
39.105772,+420.000,+415.724,+066.1,+0097.4,+0049.0,+100.0
40.180749,+420.000,+415.959,+063.5,+0097.4,+0049.0,+100.0
41.271102,+420.000,+416.093,+062.5,+0097.4,+0049.0,+100.0
42.344104,+420.000,+416.132,+062.8,+0097.4,+0049.0,+100.0
43.401212,+420.000,+416.081,+064.7,+0097.4,+0049.0,+100.0
44.472705,+420.000,+415.963,+066.9,+0097.4,+0049.0,+100.0
45.542198,+420.000,+415.821,+069.4,+0097.4,+0049.0,+100.0
46.612092,+420.000,+415.649,+072.5,+0097.4,+0049.0,+100.0
47.693581,+420.000,+415.483,+075.1,+0097.4,+0049.0,+100.0
48.792745,+420.000,+415.295,+078.1,+0097.4,+0049.0,+100.0
49.902371,+420.000,+415.164,+079.8,+0097.4,+0049.0,+100.0
50.982666,+420.000,+415.081,+080.4,+0097.4,+0049.0,+100.0
52.053303,+420.000,+415.046,+080.5,+0097.4,+0049.0,+100.0
53.123425,+420.000,+415.070,+079.5,+0097.4,+0049.0,+100.0
54.206825,+420.000,+415.111,+078.9,+0097.4,+0049.0,+100.0
55.293288,+420.000,+415.166,+077.6,+0097.4,+0049.0,+100.0
56.373593,+420.000,+415.254,+076.2,+0097.4,+0049.0,+100.0
57.444438,+420.000,+415.337,+074.8,+0097.4,+0049.0,+100.0
58.514294,+420.000,+415.412,+073.8,+0097.4,+0049.0,+100.0
59.605062,+420.000,+415.474,+072.6,+0097.4,+0049.0,+100.0
60.685026,+420.000,+415.535,+072.0,+0097.4,+0049.0,+100.0
61.795052,+420.000,+415.564,+071.8,+0097.4,+0049.0,+100.0
62.934721,+420.000,+415.568,+072.0,+0097.4,+0049.0,+100.0
64.005265,+420.000,+415.559,+072.2,+0097.4,+0049.0,+100.0
65.087951,+420.000,+415.549,+072.3,+0097.4,+0049.0,+100.0
66.175975,+420.000,+415.518,+073.2,+0097.4,+0049.0,+100.0
67.246804,+420.000,+415.470,+074.1,+0097.4,+0049.0,+100.0
68.326833,+420.000,+415.404,+075.2,+0097.4,+0049.0,+100.0
69.460283,+420.000,+415.354,+075.8,+0097.4,+0049.0,+100.0
70.526735,+420.000,+415.325,+076.0,+0097.4,+0049.0,+100.0
71.606750,+420.000,+415.316,+076.1,+0097.4,+0049.0,+100.0
72.688003,+420.000,+415.307,+076.2,+0097.4,+0049.0,+100.0
73.807235,+420.000,+415.310,+075.8,+0097.4,+0049.0,+100.0
74.947838,+420.000,+415.328,+075.9,+0097.4,+0049.0,+100.0
76.017781,+422.000,+415.330,+100.0,+0097.4,+0049.0,+100.0
77.097409,+422.000,+415.367,+100.0,+0097.4,+0049.0,+100.0
78.188258,+422.000,+415.478,+100.0,+0097.4,+0049.0,+100.0
79.325051,+422.000,+415.724,+098.8,+0097.4,+0049.0,+100.0
80.419994,+422.000,+416.079,+092.0,+0097.4,+0049.0,+100.0
81.514932,+422.000,+416.511,+084.3,+0097.4,+0049.0,+100.0
82.599453,+422.000,+416.939,+077.2,+0097.4,+0049.0,+100.0
83.679460,+422.000,+417.387,+070.6,+0097.4,+0049.0,+100.0
84.779668,+422.000,+417.762,+064.9,+0097.4,+0049.0,+100.0
85.899616,+422.000,+418.011,+062.8,+0097.4,+0049.0,+100.0
86.979352,+422.000,+418.150,+061.5,+0097.4,+0049.0,+100.0
88.079923,+422.000,+418.192,+061.8,+0097.4,+0049.0,+100.0
89.215299,+420.000,+418.115,+047.8,+0097.4,+0049.0,+100.0
90.300320,+420.000,+417.986,+051.6,+0097.4,+0049.0,+100.0
91.382857,+420.000,+417.774,+058.0,+0097.4,+0049.0,+100.0
92.461949,+420.000,+417.495,+065.8,+0097.4,+0049.0,+100.0
93.531435,+420.000,+417.148,+075.0,+0097.4,+0049.0,+100.0
94.611535,+420.000,+416.823,+083.4,+0097.4,+0049.0,+100.0
95.692060,+420.000,+416.505,+090.0,+0097.4,+0049.0,+100.0
96.822271,+420.000,+416.264,+093.4,+0097.4,+0049.0,+100.0
97.951811,+420.000,+416.164,+093.9,+0097.4,+0049.0,+100.0
99.073086,+420.000,+416.213,+090.4,+0097.4,+0049.0,+100.0
100.132494,+420.000,+416.400,+083.9,+0097.4,+0049.0,+100.0
101.212343,+420.000,+416.635,+077.0,+0097.4,+0049.0,+100.0
102.293746,+420.000,+416.915,+070.7,+0097.4,+0049.0,+100.0
103.374207,+420.000,+417.168,+065.4,+0097.4,+0049.0,+100.0
104.453251,+420.000,+417.340,+062.7,+0097.4,+0049.0,+100.0
105.534308,+420.000,+417.444,+061.2,+0097.4,+0049.0,+100.0
106.623391,+420.000,+417.434,+063.2,+0097.4,+0049.0,+100.0
107.724285,+420.000,+417.352,+066.2,+0097.4,+0049.0,+100.0
108.864158,+420.000,+417.229,+069.5,+0097.4,+0049.0,+100.0
109.924785,+420.000,+417.070,+074.1,+0097.4,+0049.0,+100.0
111.007220,+420.000,+416.896,+078.5,+0097.4,+0049.0,+100.0
112.094735,+420.000,+416.741,+081.3,+0097.4,+0049.0,+100.0
113.164839,+420.000,+416.630,+083.5,+0097.4,+0049.0,+100.0
114.235098,+420.000,+416.559,+084.5,+0097.4,+0049.0,+100.0
115.326520,+420.000,+416.551,+083.6,+0097.4,+0049.0,+100.0
116.406023,+420.000,+416.588,+082.2,+0097.4,+0049.0,+100.0
117.486343,+420.000,+416.680,+078.8,+0097.4,+0049.0,+100.0
118.565956,+420.000,+416.815,+075.6,+0097.4,+0049.0,+100.0
119.636621,+420.000,+416.934,+072.7,+0097.4,+0049.0,+100.0
120.711779,+420.000,+417.055,+069.7,+0097.4,+0049.0,+100.0
121.827976,+420.000,+417.162,+067.9,+0097.4,+0049.0,+100.0
122.927155,+420.000,+417.196,+068.1,+0097.4,+0049.0,+100.0
123.987436,+420.000,+417.189,+068.6,+0097.4,+0049.0,+100.0
125.059576,+420.000,+417.150,+070.5,+0097.4,+0049.0,+100.0
126.142205,+420.000,+417.061,+072.8,+0097.4,+0049.0,+100.0
127.217484,+420.000,+416.984,+074.7,+0097.4,+0049.0,+100.0
128.317938,+420.000,+416.895,+076.8,+0097.4,+0049.0,+100.0
129.430261,+420.000,+416.817,+078.7,+0097.4,+0049.0,+100.0
130.528667,+420.000,+416.747,+080.1,+0097.4,+0049.0,+100.0
131.608424,+420.000,+416.717,+079.8,+0097.4,+0049.0,+100.0
132.688881,+420.000,+416.737,+079.1,+0097.4,+0049.0,+100.0
133.788827,+420.000,+416.770,+077.7,+0097.4,+0049.0,+100.0
134.909717,+420.000,+416.820,+076.3,+0097.4,+0049.0,+100.0
135.989644,+420.000,+416.887,+074.7,+0097.4,+0049.0,+100.0
137.059788,+420.000,+416.947,+073.3,+0097.4,+0049.0,+100.0
138.171103,+420.000,+417.002,+072.4,+0097.4,+0049.0,+100.0
139.289946,+420.000,+417.013,+072.6,+0097.4,+0049.0,+100.0
140.360453,+420.000,+417.026,+072.1,+0097.4,+0049.0,+100.0
141.430593,+420.000,+417.030,+072.8,+0097.4,+0049.0,+100.0
142.510857,+420.000,+416.985,+074.0,+0097.4,+0049.0,+100.0
143.601017,+420.000,+416.957,+074.4,+0097.4,+0049.0,+100.0
144.681725,+420.000,+416.931,+023.6,+0097.4,+0049.0,+100.0
145.781077,+420.000,+416.925,+023.7,+0097.4,+0049.0,+100.0
146.902024,+420.000,+416.874,+024.5,+0097.4,+0049.0,+100.0
148.012710,+420.000,+416.708,+026.3,+0097.4,+0049.0,+100.0
149.132430,+420.000,+416.395,+029.6,+0097.4,+0049.0,+100.0
150.212361,+420.000,+415.989,+033.4,+0097.4,+0049.0,+100.0
151.293000,+420.000,+415.496,+037.0,+0097.4,+0049.0,+100.0
152.373248,+420.000,+414.946,+041.7,+0097.4,+0049.0,+100.0
153.462611,+420.000,+414.333,+046.4,+0097.4,+0049.0,+100.0
154.533255,+420.000,+413.743,+050.8,+0097.4,+0049.0,+100.0
155.603865,+420.000,+413.220,+054.8,+0097.4,+0049.0,+100.0
156.673227,+420.000,+412.681,+058.6,+0097.4,+0049.0,+100.0
157.777795,+420.000,+412.182,+062.4,+0097.4,+0049.0,+100.0
158.903535,+420.000,+411.727,+065.5,+0097.4,+0049.0,+100.0
159.984336,+420.000,+411.364,+067.8,+0097.4,+0049.0,+100.0
161.063974,+420.000,+411.060,+069.9,+0097.4,+0049.0,+100.0
162.144966,+420.000,+410.814,+071.6,+0097.4,+0049.0,+100.0
163.215891,+420.000,+410.648,+072.5,+0097.4,+0049.0,+100.0
164.296625,+420.000,+410.542,+072.9,+0097.4,+0049.0,+100.0
165.365733,+420.000,+410.466,+073.5,+0097.4,+0049.0,+100.0
166.430382,+420.000,+410.423,+073.5,+0097.4,+0049.0,+100.0
167.516117,+420.000,+410.432,+073.2,+0097.4,+0049.0,+100.0
168.585482,+420.000,+410.482,+072.7,+0097.4,+0049.0,+100.0
169.666259,+420.000,+410.530,+072.4,+0097.4,+0049.0,+100.0
170.756504,+420.000,+410.597,+071.7,+0097.4,+0049.0,+100.0
171.866241,+420.000,+410.683,+071.0,+0097.4,+0049.0,+100.0
172.936655,+420.000,+410.763,+070.6,+0097.4,+0049.0,+100.0
174.016750,+420.000,+410.823,+070.0,+0097.4,+0049.0,+100.0
175.086919,+420.000,+410.899,+069.5,+0097.4,+0049.0,+100.0
176.167644,+420.000,+410.975,+068.9,+0097.4,+0049.0,+100.0
177.237424,+420.000,+411.026,+068.7,+0097.4,+0049.0,+100.0
178.327786,+420.000,+411.065,+068.4,+0097.4,+0049.0,+100.0
179.478154,+420.000,+411.090,+068.2,+0097.4,+0049.0,+100.0
180.558300,+420.000,+411.111,+068.1,+0097.4,+0049.0,+100.0
181.628746,+420.000,+411.112,+068.2,+0097.4,+0049.0,+100.0
182.760144,+420.000,+411.090,+068.4,+0097.4,+0049.0,+100.0
183.868546,+420.000,+411.094,+068.3,+0097.4,+0049.0,+100.0
184.942070,+420.000,+411.086,+068.4,+0097.4,+0049.0,+100.0
186.019058,+422.000,+411.081,+083.9,+0097.4,+0049.0,+100.0
187.079115,+422.000,+411.050,+084.1,+0097.4,+0049.0,+100.0
188.179923,+422.000,+411.082,+083.4,+0097.4,+0049.0,+100.0
189.291331,+422.000,+411.208,+082.0,+0097.4,+0049.0,+100.0
190.370657,+422.000,+411.390,+080.4,+0097.4,+0049.0,+100.0
191.442034,+422.000,+411.610,+078.6,+0097.4,+0049.0,+100.0
192.541597,+422.000,+411.840,+076.9,+0097.4,+0049.0,+100.0
193.620825,+422.000,+412.054,+074.9,+0097.4,+0049.0,+100.0
194.681518,+422.000,+412.288,+073.4,+0097.4,+0049.0,+100.0
195.795029,+422.000,+412.492,+071.9,+0097.4,+0049.0,+100.0
196.901860,+422.000,+412.652,+071.0,+0097.4,+0049.0,+100.0
197.991469,+422.000,+412.769,+070.4,+0097.4,+0049.0,+100.0
199.102202,+422.000,+412.841,+069.8,+0097.4,+0049.0,+100.0
200.171960,+422.000,+412.933,+069.2,+0097.4,+0049.0,+100.0
201.252538,+422.000,+412.987,+068.9,+0097.4,+0049.0,+100.0
202.335056,+422.000,+413.008,+069.0,+0097.4,+0049.0,+100.0
203.424774,+422.000,+413.000,+069.1,+0097.4,+0049.0,+100.0
204.502461,+422.000,+412.996,+069.1,+0097.4,+0049.0,+100.0
205.592700,+422.000,+412.988,+069.3,+0097.4,+0049.0,+100.0
206.665096,+420.000,+412.943,+056.6,+0046.1,+0036.2,+100.0
207.743625,+420.000,+412.860,+060.0,+0046.1,+0036.2,+100.0
208.854472,+420.000,+412.770,+063.2,+0046.1,+0036.2,+100.0
209.924581,+420.000,+412.671,+066.8,+0046.1,+0036.2,+100.0
210.994095,+420.000,+412.537,+070.4,+0046.1,+0036.2,+100.0
212.064374,+420.000,+412.368,+074.8,+0046.1,+0036.2,+100.0
213.124584,+420.000,+412.221,+078.2,+0046.1,+0036.2,+100.0
214.205214,+420.000,+412.148,+080.7,+0046.1,+0036.2,+100.0
215.275146,+420.000,+412.112,+083.0,+0046.1,+0036.2,+100.0
216.355517,+420.000,+412.137,+084.3,+0046.1,+0036.2,+100.0
217.426114,+420.000,+412.233,+085.1,+0046.1,+0036.2,+100.0
218.515747,+420.000,+412.366,+085.2,+0046.1,+0036.2,+100.0
219.595721,+420.000,+412.558,+084.9,+0046.1,+0036.2,+100.0
220.666871,+420.000,+412.797,+084.2,+0046.1,+0036.2,+100.0
221.786228,+420.000,+413.052,+083.3,+0046.1,+0036.2,+100.0
222.916888,+420.000,+413.328,+082.2,+0046.1,+0036.2,+100.0
223.996616,+420.000,+413.623,+081.0,+0046.1,+0036.2,+100.0
225.066692,+420.000,+413.922,+079.9,+0046.1,+0036.2,+100.0
226.156841,+420.000,+414.186,+079.2,+0046.1,+0036.2,+100.0
227.227835,+420.000,+414.423,+078.8,+0046.1,+0036.2,+100.0
228.318944,+420.000,+414.636,+078.6,+0046.1,+0036.2,+100.0
229.428267,+420.000,+414.847,+078.3,+0046.1,+0036.2,+100.0
230.509101,+420.000,+415.026,+078.1,+0046.1,+0036.2,+100.0
231.597900,+420.000,+415.194,+078.5,+0046.1,+0036.2,+100.0
232.668828,+420.000,+415.347,+078.6,+0046.1,+0036.2,+100.0
233.768507,+420.000,+415.478,+079.4,+0046.1,+0036.2,+100.0
234.889544,+420.000,+415.596,+079.7,+0046.1,+0036.2,+100.0
235.968788,+420.000,+415.741,+079.7,+0046.1,+0036.2,+100.0
237.039111,+420.000,+415.868,+080.2,+0046.1,+0036.2,+100.0
238.140751,+420.000,+415.980,+080.6,+0046.1,+0036.2,+100.0
239.274511,+420.000,+416.109,+080.8,+0046.1,+0036.2,+100.0
240.360358,+420.000,+416.225,+081.2,+0046.1,+0036.2,+100.0
241.430629,+420.000,+416.370,+080.8,+0046.1,+0036.2,+100.0
242.510499,+420.000,+416.514,+080.6,+0046.1,+0036.2,+100.0
243.591171,+420.000,+416.657,+080.7,+0046.1,+0036.2,+100.0
244.671394,+420.000,+416.785,+080.7,+0046.1,+0036.2,+100.0
245.771368,+420.000,+416.917,+080.6,+0046.1,+0036.2,+100.0
246.881214,+420.000,+417.079,+079.9,+0046.1,+0036.2,+100.0
247.971453,+420.000,+417.229,+079.7,+0046.1,+0036.2,+100.0
249.091392,+420.000,+417.358,+079.7,+0046.1,+0036.2,+100.0
250.162247,+420.000,+417.484,+079.6,+0046.1,+0036.2,+100.0
251.242366,+420.000,+417.594,+079.6,+0046.1,+0036.2,+100.0
252.323282,+420.000,+417.691,+079.6,+0046.1,+0036.2,+100.0
253.403289,+420.000,+417.813,+079.2,+0046.1,+0036.2,+100.0
254.472532,+420.000,+417.924,+079.3,+0046.1,+0036.2,+100.0
255.543010,+420.000,+418.022,+079.2,+0046.1,+0036.2,+100.0
256.623017,+420.000,+418.109,+079.2,+0046.1,+0036.2,+100.0
257.706675,+420.000,+418.193,+079.6,+0046.1,+0036.2,+100.0
258.845311,+420.000,+418.266,+079.6,+0046.1,+0036.2,+100.0
259.943634,+420.000,+418.357,+079.4,+0046.1,+0036.2,+100.0
261.025498,+420.000,+418.433,+079.6,+0046.1,+0036.2,+100.0
262.105718,+420.000,+418.497,+079.6,+0046.1,+0036.2,+100.0
263.174113,+420.000,+418.579,+079.4,+0046.1,+0036.2,+100.0
264.246125,+420.000,+418.676,+079.1,+0046.1,+0036.2,+100.0
265.341772,+420.000,+418.748,+079.2,+0046.1,+0036.2,+100.0
266.448788,+420.000,+418.817,+079.2,+0046.1,+0036.2,+100.0
267.532711,+420.000,+418.872,+079.3,+0046.1,+0036.2,+100.0
268.639379,+420.000,+418.950,+078.8,+0046.1,+0036.2,+100.0
269.752815,+420.000,+419.037,+078.7,+0046.1,+0036.2,+100.0
270.877824,+420.000,+419.109,+078.4,+0046.1,+0036.2,+100.0
271.972837,+420.000,+419.183,+078.3,+0046.1,+0036.2,+100.0
273.066977,+420.000,+419.238,+078.2,+0046.1,+0036.2,+100.0
274.136941,+420.000,+419.299,+078.1,+0046.1,+0036.2,+100.0
275.243953,+420.000,+419.333,+078.5,+0046.1,+0036.2,+100.0
276.354194,+420.000,+419.352,+078.6,+0046.1,+0036.2,+100.0
277.439188,+420.000,+419.399,+078.5,+0046.1,+0036.2,+100.0
278.517137,+420.000,+419.439,+078.4,+0046.1,+0036.2,+100.0
279.598332,+420.000,+419.489,+078.3,+0046.1,+0036.2,+100.0
280.677518,+420.000,+419.531,+078.2,+0046.1,+0036.2,+100.0
281.788946,+420.000,+419.585,+078.0,+0046.1,+0036.2,+100.0
282.910956,+420.000,+419.621,+078.0,+0046.1,+0036.2,+100.0
284.023705,+420.000,+419.652,+078.1,+0046.1,+0036.2,+100.0
285.140715,+420.000,+419.695,+077.8,+0046.1,+0036.2,+100.0
286.240877,+420.000,+419.734,+077.8,+0046.1,+0036.2,+100.0
287.339203,+420.000,+419.756,+077.9,+0046.1,+0036.2,+100.0
288.437193,+420.000,+419.787,+077.7,+0046.1,+0036.2,+100.0
289.523331,+420.000,+419.816,+077.6,+0046.1,+0036.2,+100.0
290.644229,+420.000,+419.842,+077.7,+0046.1,+0036.2,+100.0
291.814586,+420.000,+419.874,+077.4,+0046.1,+0036.2,+100.0
292.984596,+420.000,+419.894,+077.5,+0046.1,+0036.2,+100.0
294.071088,+420.000,+419.904,+077.7,+0046.1,+0036.2,+100.0
295.141612,+420.000,+419.914,+077.7,+0046.1,+0036.2,+100.0
296.221621,+420.000,+419.936,+077.5,+0046.1,+0036.2,+100.0
297.306762,+420.000,+419.949,+077.6,+0046.1,+0036.2,+100.0
298.432334,+420.000,+419.968,+077.6,+0046.1,+0036.2,+100.0
299.521340,+420.000,+419.974,+077.5,+0046.1,+0036.2,+100.0
300.602053,+420.000,+420.011,+077.1,+0046.1,+0036.2,+100.0
301.672108,+420.000,+420.036,+077.2,+0046.1,+0036.2,+100.0
302.772117,+420.000,+420.044,+077.1,+0046.1,+0036.2,+100.0
303.894116,+420.000,+420.060,+077.0,+0046.1,+0036.2,+100.0
304.982716,+420.000,+420.091,+076.6,+0046.1,+0036.2,+100.0
306.052604,+420.000,+420.111,+076.8,+0046.1,+0036.2,+100.0
307.122614,+420.000,+420.099,+077.0,+0046.1,+0036.2,+100.0
308.245813,+420.000,+420.100,+076.9,+0046.1,+0036.2,+100.0
309.394107,+420.000,+420.118,+076.7,+0046.1,+0036.2,+100.0
310.466756,+420.000,+420.148,+076.4,+0046.1,+0036.2,+100.0
311.547115,+420.000,+420.162,+076.3,+0046.1,+0036.2,+100.0
312.688534,+420.000,+420.170,+076.4,+0046.1,+0036.2,+100.0
313.828544,+420.000,+420.158,+076.7,+0046.1,+0036.2,+100.0
314.944836,+420.000,+420.129,+077.1,+0046.1,+0036.2,+100.0
316.026857,+420.000,+420.116,+077.0,+0046.1,+0036.2,+100.0
317.106867,+420.000,+420.127,+076.8,+0046.1,+0036.2,+100.0
318.240095,+420.000,+420.140,+076.7,+0046.1,+0036.2,+100.0
319.365725,+420.000,+420.162,+076.4,+0046.1,+0036.2,+100.0
320.460733,+420.000,+420.170,+076.4,+0046.1,+0036.2,+100.0
321.600634,+420.000,+420.191,+076.1,+0046.1,+0036.2,+100.0
322.726348,+420.000,+420.173,+076.7,+0046.1,+0036.2,+100.0
323.866356,+420.000,+420.164,+076.4,+0046.1,+0036.2,+100.0
324.961093,+420.000,+420.177,+076.2,+0046.1,+0036.2,+100.0
326.086145,+420.000,+420.198,+076.0,+0046.1,+0036.2,+100.0
327.195551,+420.000,+420.221,+075.7,+0046.1,+0036.2,+100.0
328.320526,+420.000,+420.204,+076.2,+0046.1,+0036.2,+100.0
329.477931,+420.000,+420.195,+076.0,+0046.1,+0036.2,+100.0
330.602456,+420.000,+420.185,+076.1,+0046.1,+0036.2,+100.0
331.742302,+420.000,+420.199,+075.8,+0046.1,+0036.2,+100.0
332.868192,+420.000,+420.195,+076.2,+0046.1,+0036.2,+100.0
333.941279,+420.000,+420.183,+076.0,+0046.1,+0036.2,+100.0
335.039591,+420.000,+420.191,+076.0,+0046.1,+0036.2,+100.0
336.118599,+420.000,+420.182,+075.9,+0046.1,+0036.2,+100.0
337.218675,+420.000,+420.193,+075.8,+0046.1,+0036.2,+100.0
338.308925,+420.000,+420.204,+075.5,+0046.1,+0036.2,+100.0
339.449170,+420.000,+420.219,+075.5,+0046.1,+0036.2,+100.0
340.530266,+420.000,+420.204,+075.6,+0046.1,+0036.2,+100.0
341.609414,+420.000,+420.207,+075.5,+0046.1,+0036.2,+100.0
342.690419,+420.000,+420.191,+075.7,+0046.1,+0036.2,+100.0
343.808406,+420.000,+420.194,+075.6,+0046.1,+0036.2,+100.0
344.932770,+420.000,+420.180,+075.7,+0046.1,+0036.2,+100.0
346.030505,+420.000,+420.186,+075.4,+0046.1,+0036.2,+100.0
347.111286,+420.000,+420.206,+075.1,+0046.1,+0036.2,+100.0
348.201226,+420.000,+420.201,+075.5,+0046.1,+0036.2,+100.0
349.322249,+420.000,+420.171,+075.7,+0046.1,+0036.2,+100.0
350.408082,+420.000,+420.167,+075.5,+0046.1,+0036.2,+100.0
351.511484,+420.000,+420.167,+075.5,+0046.1,+0036.2,+100.0
352.582491,+420.000,+420.165,+075.5,+0046.1,+0036.2,+100.0
353.652502,+420.000,+420.172,+075.2,+0046.1,+0036.2,+100.0
354.775964,+420.000,+420.160,+075.6,+0046.1,+0036.2,+100.0
355.882688,+420.000,+420.144,+075.6,+0046.1,+0036.2,+100.0
356.981731,+420.000,+420.142,+075.4,+0046.1,+0036.2,+100.0
358.107461,+420.000,+420.160,+075.1,+0046.1,+0036.2,+100.0
359.277422,+420.000,+420.161,+075.2,+0046.1,+0036.2,+100.0
360.353984,+420.000,+420.160,+075.2,+0046.1,+0036.2,+100.0
361.433269,+420.000,+420.165,+075.0,+0046.1,+0036.2,+100.0
362.535698,+420.000,+420.151,+075.3,+0046.1,+0036.2,+100.0
363.645830,+420.000,+420.140,+075.3,+0046.1,+0036.2,+100.0
364.751158,+420.000,+420.144,+075.1,+0046.1,+0036.2,+100.0
365.886698,+420.000,+420.142,+075.3,+0046.1,+0036.2,+100.0
366.985227,+420.000,+420.122,+075.3,+0046.1,+0036.2,+100.0
368.119235,+420.000,+420.128,+075.1,+0046.1,+0036.2,+100.0
369.274771,+420.000,+420.138,+075.0,+0046.1,+0036.2,+100.0
370.345711,+420.000,+420.119,+075.5,+0046.1,+0036.2,+100.0
371.445721,+420.000,+420.095,+075.5,+0046.1,+0036.2,+100.0
372.530362,+420.000,+420.094,+075.4,+0046.1,+0036.2,+100.0
373.610003,+420.000,+420.097,+075.3,+0046.1,+0036.2,+100.0
374.692942,+420.000,+420.115,+074.9,+0046.1,+0036.2,+100.0
375.826177,+420.000,+420.136,+074.7,+0046.1,+0036.2,+100.0
376.936776,+420.000,+420.139,+074.6,+0046.1,+0036.2,+100.0
378.016786,+420.000,+420.126,+075.0,+0046.1,+0036.2,+100.0
379.137795,+420.000,+420.113,+074.9,+0046.1,+0036.2,+100.0
380.246233,+420.000,+420.126,+074.6,+0046.1,+0036.2,+100.0
381.348240,+420.000,+420.125,+074.8,+0046.1,+0036.2,+100.0
382.408785,+420.000,+420.115,+074.8,+0046.1,+0036.2,+100.0
383.478001,+420.000,+420.107,+074.9,+0046.1,+0036.2,+100.0
384.559009,+420.000,+420.100,+074.9,+0046.1,+0036.2,+100.0
385.630863,+420.000,+420.109,+074.6,+0046.1,+0036.2,+100.0
386.698702,+420.000,+420.105,+074.9,+0046.1,+0036.2,+100.0
387.852708,+420.000,+420.103,+074.7,+0046.1,+0036.2,+100.0
388.970147,+420.000,+420.094,+074.8,+0046.1,+0036.2,+100.0
390.070101,+420.000,+420.101,+074.6,+0046.1,+0036.2,+100.0
391.140517,+420.000,+420.116,+074.4,+0046.1,+0036.2,+100.0
392.220323,+420.000,+420.115,+074.5,+0046.1,+0036.2,+100.0
393.311638,+420.000,+420.090,+074.8,+0046.1,+0036.2,+100.0
394.390497,+420.000,+420.088,+074.6,+0046.1,+0036.2,+100.0
395.450189,+420.000,+420.088,+074.7,+0046.1,+0036.2,+100.0
396.530886,+420.000,+420.074,+075.0,+0046.1,+0036.2,+100.0
397.635963,+420.000,+420.057,+075.0,+0046.1,+0036.2,+100.0
398.730862,+420.000,+420.053,+074.9,+0046.1,+0036.2,+100.0
399.850875,+420.000,+420.047,+075.0,+0046.1,+0036.2,+100.0
400.931238,+420.000,+420.044,+074.9,+0046.1,+0036.2,+100.0
402.012526,+420.000,+420.062,+074.5,+0046.1,+0036.2,+100.0
403.081804,+420.000,+420.083,+074.5,+0046.1,+0036.2,+100.0
404.142327,+420.000,+420.091,+074.2,+0046.1,+0036.2,+100.0
405.222228,+420.000,+420.096,+074.4,+0046.1,+0036.2,+100.0
406.292704,+420.000,+420.078,+074.6,+0046.1,+0036.2,+100.0
407.373486,+420.000,+420.084,+074.2,+0046.1,+0036.2,+100.0
408.443495,+420.000,+420.093,+074.3,+0046.1,+0036.2,+100.0
409.544415,+420.000,+420.081,+074.3,+0046.1,+0036.2,+100.0
410.623498,+420.000,+420.088,+074.2,+0046.1,+0036.2,+100.0
411.703403,+420.000,+420.081,+074.4,+0046.1,+0036.2,+100.0
412.825544,+420.000,+420.067,+074.5,+0046.1,+0036.2,+100.0
413.934706,+420.000,+420.073,+074.3,+0046.1,+0036.2,+100.0
415.024364,+420.000,+420.072,+074.4,+0046.1,+0036.2,+100.0
416.104447,+420.000,+420.084,+074.1,+0046.1,+0036.2,+100.0
417.185179,+420.000,+420.075,+074.4,+0046.1,+0036.2,+100.0
418.278126,+420.000,+420.067,+074.4,+0046.1,+0036.2,+100.0
419.385325,+420.000,+420.065,+074.3,+0046.1,+0036.2,+100.0
420.455213,+420.000,+420.051,+074.6,+0046.1,+0036.2,+100.0
421.535470,+420.000,+420.043,+074.5,+0046.1,+0036.2,+100.0
422.616200,+420.000,+420.055,+074.2,+0046.1,+0036.2,+100.0
423.686221,+420.000,+420.071,+074.1,+0046.1,+0036.2,+100.0
424.797406,+420.000,+420.081,+074.0,+0046.1,+0036.2,+100.0
425.934863,+420.000,+420.086,+073.9,+0046.1,+0036.2,+100.0
427.038173,+420.000,+420.085,+073.9,+0046.1,+0036.2,+100.0
428.127180,+420.000,+420.078,+073.9,+0046.1,+0036.2,+100.0
429.257192,+420.000,+420.080,+074.0,+0046.1,+0036.2,+100.0
430.337706,+420.000,+420.065,+074.1,+0046.1,+0036.2,+100.0
431.426450,+420.000,+420.059,+074.3,+0046.1,+0036.2,+100.0
432.527455,+420.000,+420.048,+074.2,+0046.1,+0036.2,+100.0
433.608229,+420.000,+420.048,+074.2,+0046.1,+0036.2,+100.0
434.682730,+420.000,+420.051,+074.1,+0046.1,+0036.2,+100.0
435.842805,+420.000,+420.064,+074.0,+0046.1,+0036.2,+100.0
436.941728,+420.000,+420.050,+074.1,+0046.1,+0036.2,+100.0
438.075198,+420.000,+420.054,+074.1,+0046.1,+0036.2,+100.0
439.225787,+420.000,+420.048,+074.1,+0046.1,+0036.2,+100.0
440.329375,+420.000,+420.055,+074.0,+0046.1,+0036.2,+100.0
441.410386,+420.000,+420.042,+074.3,+0046.1,+0036.2,+100.0
442.482445,+420.000,+420.044,+074.1,+0046.1,+0036.2,+100.0
443.565880,+420.000,+420.027,+074.4,+0046.1,+0036.2,+100.0
444.654135,+420.000,+420.029,+074.2,+0046.1,+0036.2,+100.0
445.801494,+420.000,+420.026,+074.3,+0046.1,+0036.2,+100.0
446.920045,+420.000,+420.017,+074.4,+0046.1,+0036.2,+100.0
448.011229,+420.000,+420.038,+073.8,+0046.1,+0036.2,+100.0
449.120461,+420.000,+420.050,+074.1,+0046.1,+0036.2,+100.0
450.191468,+420.000,+420.029,+074.2,+0046.1,+0036.2,+100.0
451.251629,+420.000,+420.028,+074.1,+0046.1,+0036.2,+100.0
452.331331,+420.000,+420.036,+073.9,+0046.1,+0036.2,+100.0
453.413133,+420.000,+420.057,+073.6,+0046.1,+0036.2,+100.0
454.491741,+420.000,+420.070,+073.5,+0046.1,+0036.2,+100.0
455.562359,+420.000,+420.066,+073.7,+0046.1,+0036.2,+100.0
456.662738,+420.000,+420.058,+073.8,+0046.1,+0036.2,+100.0
457.752458,+420.000,+420.052,+073.8,+0046.1,+0036.2,+100.0
458.893180,+420.000,+420.060,+073.6,+0046.1,+0036.2,+100.0
459.963188,+420.000,+420.068,+073.4,+0046.1,+0036.2,+100.0
461.043812,+420.000,+420.056,+074.0,+0046.1,+0036.2,+100.0
462.131267,+420.000,+420.031,+074.0,+0046.1,+0036.2,+100.0
463.224274,+420.000,+420.033,+073.9,+0046.1,+0036.2,+100.0
464.314611,+420.000,+420.032,+073.9,+0046.1,+0036.2,+100.0
465.395345,+420.000,+420.029,+074.0,+0046.1,+0036.2,+100.0
466.454355,+420.000,+420.019,+074.1,+0046.1,+0036.2,+100.0
467.549437,+420.000,+420.029,+073.8,+0046.1,+0036.2,+100.0
468.689553,+420.000,+420.049,+073.5,+0046.1,+0036.2,+100.0
469.836561,+420.000,+420.047,+073.8,+0046.1,+0036.2,+100.0
470.941056,+420.000,+420.042,+073.6,+0046.1,+0036.2,+100.0
472.035906,+420.000,+420.032,+074.0,+0046.1,+0036.2,+100.0
473.131024,+420.000,+420.027,+073.8,+0046.1,+0036.2,+100.0
474.230035,+420.000,+420.027,+073.8,+0046.1,+0036.2,+100.0
475.337202,+420.000,+420.041,+073.6,+0046.1,+0036.2,+100.0
476.433241,+420.000,+420.046,+073.5,+0046.1,+0036.2,+100.0
477.517038,+420.000,+420.063,+073.2,+0046.1,+0036.2,+100.0
478.588336,+420.000,+420.059,+073.7,+0046.1,+0036.2,+100.0
479.676759,+420.000,+420.036,+073.8,+0046.1,+0036.2,+100.0
480.787261,+420.000,+420.031,+073.6,+0046.1,+0036.2,+100.0
481.898426,+420.000,+420.038,+073.6,+0046.1,+0036.2,+100.0
482.990015,+420.000,+420.030,+073.7,+0046.1,+0036.2,+100.0
484.057684,+420.000,+420.049,+073.2,+0046.1,+0036.2,+100.0
485.137691,+420.000,+420.076,+073.2,+0046.1,+0036.2,+100.0
486.230700,+420.000,+420.058,+073.4,+0046.1,+0036.2,+100.0
487.331352,+420.000,+420.062,+073.2,+0046.1,+0036.2,+100.0
488.421260,+420.000,+420.071,+073.1,+0046.1,+0036.2,+100.0
489.516268,+420.000,+420.073,+073.2,+0046.1,+0036.2,+100.0
490.631125,+420.000,+420.068,+073.2,+0046.1,+0036.2,+100.0
491.703130,+420.000,+420.047,+073.6,+0046.1,+0036.2,+100.0
492.853141,+420.000,+420.048,+073.4,+0046.1,+0036.2,+100.0
493.997031,+420.000,+420.046,+073.4,+0046.1,+0036.2,+100.0
495.107853,+420.000,+420.048,+073.3,+0046.1,+0036.2,+100.0
496.203254,+420.000,+420.070,+073.0,+0046.1,+0036.2,+100.0
497.290863,+420.000,+420.058,+073.4,+0046.1,+0036.2,+100.0
498.390730,+420.000,+420.053,+073.2,+0046.1,+0036.2,+100.0
499.460267,+420.000,+420.054,+073.4,+0046.1,+0036.2,+100.0
500.561580,+420.000,+420.039,+073.4,+0046.1,+0036.2,+100.0
501.661195,+420.000,+420.029,+073.5,+0046.1,+0036.2,+100.0
502.775799,+420.000,+420.032,+073.4,+0046.1,+0036.2,+100.0
503.891409,+420.000,+420.035,+073.3,+0046.1,+0036.2,+100.0
504.981500,+420.000,+420.035,+073.4,+0046.1,+0036.2,+100.0
506.052590,+420.000,+420.048,+073.0,+0046.1,+0036.2,+100.0
507.135240,+420.000,+420.064,+073.0,+0046.1,+0036.2,+100.0
508.233996,+420.000,+420.072,+072.8,+0046.1,+0036.2,+100.0
509.352405,+420.000,+420.073,+073.0,+0046.1,+0036.2,+100.0
510.433698,+420.000,+420.067,+073.0,+0046.1,+0036.2,+100.0
511.513304,+420.000,+420.033,+073.6,+0046.1,+0036.2,+100.0
512.597505,+420.000,+420.013,+073.6,+0046.1,+0036.2,+100.0
513.665190,+420.000,+420.003,+073.6,+0046.1,+0036.2,+100.0
514.764244,+420.000,+420.015,+073.4,+0046.1,+0036.2,+100.0
515.894488,+420.000,+420.023,+073.3,+0046.1,+0036.2,+100.0
516.964422,+420.000,+420.016,+073.6,+0046.1,+0036.2,+100.0
518.072960,+420.000,+420.017,+073.3,+0046.1,+0036.2,+100.0
519.198412,+420.000,+420.026,+073.2,+0046.1,+0036.2,+100.0
520.284661,+420.000,+420.040,+072.9,+0046.1,+0036.2,+100.0
521.389765,+420.000,+420.059,+072.8,+0046.1,+0036.2,+100.0
522.503221,+420.000,+420.056,+073.1,+0046.1,+0036.2,+100.0
523.614734,+420.000,+420.024,+073.3,+0046.1,+0036.2,+100.0
524.708426,+420.000,+420.041,+072.9,+0046.1,+0036.2,+100.0
525.837053,+420.000,+420.049,+073.0,+0046.1,+0036.2,+100.0
526.936147,+420.000,+420.050,+072.8,+0046.1,+0036.2,+100.0
528.040156,+420.000,+420.054,+072.8,+0046.1,+0036.2,+100.0
529.168831,+420.000,+420.062,+072.7,+0046.1,+0036.2,+100.0
530.251314,+420.000,+420.064,+073.0,+0046.1,+0036.2,+100.0
531.347436,+420.000,+420.029,+073.2,+0046.1,+0036.2,+100.0
532.427444,+420.000,+420.039,+073.0,+0046.1,+0036.2,+100.0
533.496910,+420.000,+420.036,+072.9,+0046.1,+0036.2,+100.0
534.570897,+420.000,+420.045,+072.9,+0046.1,+0036.2,+100.0
535.641321,+420.000,+420.049,+072.8,+0046.1,+0036.2,+100.0
536.738668,+420.000,+420.048,+072.8,+0046.1,+0036.2,+100.0
537.888077,+420.000,+420.044,+072.9,+0046.1,+0036.2,+100.0
539.035456,+420.000,+420.041,+073.0,+0046.1,+0036.2,+100.0
540.128854,+420.000,+420.012,+073.4,+0046.1,+0036.2,+100.0
541.210821,+420.000,+420.015,+073.1,+0046.1,+0036.2,+100.0
542.289947,+420.000,+420.026,+072.9,+0046.1,+0036.2,+100.0
543.360008,+420.000,+420.042,+072.7,+0046.1,+0036.2,+100.0
544.439966,+420.000,+420.036,+073.1,+0046.1,+0036.2,+100.0
545.519975,+420.000,+420.028,+073.0,+0046.1,+0036.2,+100.0
546.600139,+420.000,+420.009,+073.3,+0046.1,+0036.2,+100.0
547.680319,+420.000,+420.009,+073.1,+0046.1,+0036.2,+100.0
548.770825,+420.000,+420.017,+072.9,+0046.1,+0036.2,+100.0
549.890509,+420.000,+420.046,+072.6,+0046.1,+0036.2,+100.0
550.950970,+420.000,+420.052,+072.6,+0046.1,+0036.2,+100.0
552.030827,+420.000,+420.053,+072.7,+0046.1,+0036.2,+100.0
553.101801,+420.000,+420.046,+072.7,+0046.1,+0036.2,+100.0
554.161956,+420.000,+420.049,+072.6,+0046.1,+0036.2,+100.0
555.232189,+420.000,+420.038,+073.1,+0046.1,+0036.2,+100.0
556.302175,+420.000,+419.989,+073.5,+0046.1,+0036.2,+100.0
557.382425,+420.000,+419.988,+073.2,+0046.1,+0036.2,+100.0
558.452478,+420.000,+419.995,+073.2,+0046.1,+0036.2,+100.0
559.552969,+420.000,+420.006,+073.0,+0046.1,+0036.2,+100.0
560.633646,+420.000,+420.020,+072.8,+0046.1,+0036.2,+100.0
561.723653,+420.000,+420.020,+073.2,+0046.1,+0036.2,+100.0
562.852870,+420.000,+420.001,+073.1,+0046.1,+0036.2,+100.0
563.934028,+420.000,+420.007,+073.0,+0046.1,+0036.2,+100.0
565.023785,+420.000,+420.014,+072.9,+0046.1,+0036.2,+100.0
566.094238,+420.000,+420.034,+072.6,+0046.1,+0036.2,+100.0
567.154193,+420.000,+420.028,+072.9,+0046.1,+0036.2,+100.0
568.254565,+420.000,+420.028,+072.7,+0046.1,+0036.2,+100.0
569.364239,+420.000,+420.052,+072.3,+0046.1,+0036.2,+100.0
570.454684,+420.000,+420.061,+072.3,+0046.1,+0036.2,+100.0
571.535037,+420.000,+420.047,+072.7,+0046.1,+0036.2,+100.0
572.624846,+420.000,+420.037,+072.7,+0046.1,+0036.2,+100.0
573.695028,+420.000,+420.041,+072.5,+0046.1,+0036.2,+100.0
574.815391,+420.000,+420.022,+073.2,+0046.1,+0036.2,+100.0
575.935944,+420.000,+419.998,+073.0,+0046.1,+0036.2,+100.0
577.015970,+420.000,+420.005,+072.9,+0046.1,+0036.2,+100.0
578.105828,+420.000,+420.009,+072.8,+0046.1,+0036.2,+100.0
579.229411,+420.000,+420.018,+072.8,+0046.1,+0036.2,+100.0
580.296344,+420.000,+420.026,+072.6,+0046.1,+0036.2,+100.0
581.356344,+420.000,+420.032,+072.7,+0046.1,+0036.2,+100.0
582.437349,+420.000,+419.997,+073.4,+0046.1,+0036.2,+100.0
583.517052,+420.000,+419.990,+072.9,+0046.1,+0036.2,+100.0
584.597776,+420.000,+419.998,+073.0,+0046.1,+0036.2,+100.0
585.669783,+420.000,+420.003,+072.9,+0046.1,+0036.2,+100.0
586.787842,+420.000,+420.001,+073.0,+0046.1,+0036.2,+100.0
587.918728,+420.000,+420.003,+072.8,+0046.1,+0036.2,+100.0
589.038680,+420.000,+420.018,+072.6,+0046.1,+0036.2,+100.0
590.138233,+420.000,+420.040,+072.4,+0046.1,+0036.2,+100.0
591.220237,+420.000,+420.039,+072.5,+0046.1,+0036.2,+100.0
592.289195,+420.000,+420.041,+072.4,+0046.1,+0036.2,+100.0
593.369503,+420.000,+420.037,+072.7,+0046.1,+0036.2,+100.0
594.439347,+420.000,+420.021,+072.7,+0046.1,+0036.2,+100.0
595.519981,+420.000,+420.031,+072.5,+0046.1,+0036.2,+100.0
596.600258,+420.000,+420.039,+072.3,+0046.1,+0036.2,+100.0
597.690415,+420.000,+420.056,+072.3,+0046.1,+0036.2,+100.0
598.823092,+420.000,+420.033,+072.7,+0046.1,+0036.2,+100.0
599.931852,+420.000,+420.025,+072.7,+0046.1,+0036.2,+100.0
601.005115,+420.000,+420.009,+072.9,+0046.1,+0036.2,+100.0
602.101186,+420.000,+419.999,+072.9,+0046.1,+0036.2,+100.0
603.177191,+420.000,+419.982,+073.2,+0046.1,+0036.2,+100.0
604.261329,+420.000,+419.969,+073.2,+0046.1,+0036.2,+100.0
605.341231,+420.000,+419.975,+073.0,+0046.1,+0036.2,+100.0
606.422240,+420.000,+419.995,+072.8,+0046.1,+0036.2,+100.0
607.492639,+420.000,+419.996,+072.9,+0046.1,+0036.2,+100.0
608.592338,+420.000,+419.988,+073.1,+0046.1,+0036.2,+100.0
609.668343,+420.000,+419.984,+072.9,+0046.1,+0036.2,+100.0
610.773254,+420.000,+420.014,+072.5,+0046.1,+0036.2,+100.0
611.903223,+420.000,+420.036,+072.3,+0046.1,+0036.2,+100.0
612.979232,+420.000,+420.058,+072.0,+0046.1,+0036.2,+100.0
614.053493,+420.000,+420.063,+072.1,+0046.1,+0036.2,+100.0
615.136153,+420.000,+420.041,+072.6,+0046.1,+0036.2,+100.0
616.203780,+420.000,+420.006,+073.1,+0046.1,+0036.2,+100.0
617.274063,+420.000,+419.979,+073.2,+0046.1,+0036.2,+100.0
618.363715,+420.000,+419.963,+073.3,+0046.1,+0036.2,+100.0
619.434595,+420.000,+419.972,+073.0,+0046.1,+0036.2,+100.0
620.504630,+420.000,+419.991,+072.7,+0046.1,+0036.2,+100.0
621.582638,+420.000,+420.020,+072.3,+0046.1,+0036.2,+100.0
622.644916,+420.000,+420.040,+072.3,+0046.1,+0036.2,+100.0
623.735388,+420.000,+420.038,+072.4,+0046.1,+0036.2,+100.0
624.855425,+420.000,+420.029,+072.5,+0046.1,+0036.2,+100.0
625.926102,+420.000,+420.027,+072.6,+0046.1,+0036.2,+100.0
627.007139,+420.000,+420.030,+072.4,+0046.1,+0036.2,+100.0
628.095718,+420.000,+420.035,+072.3,+0046.1,+0036.2,+100.0
629.205752,+420.000,+420.049,+072.1,+0046.1,+0036.2,+100.0
630.276717,+420.000,+420.056,+072.1,+0046.1,+0036.2,+100.0
631.366211,+420.000,+420.046,+072.4,+0046.1,+0036.2,+100.0
632.437458,+420.000,+420.020,+072.8,+0046.1,+0036.2,+100.0
633.507425,+420.000,+419.994,+072.9,+0046.1,+0036.2,+100.0
634.607372,+420.000,+419.979,+073.2,+0046.1,+0036.2,+100.0
635.687823,+420.000,+419.965,+073.1,+0046.1,+0036.2,+100.0
636.797831,+420.000,+419.980,+072.8,+0046.1,+0036.2,+100.0
637.917622,+420.000,+419.991,+072.8,+0046.1,+0036.2,+100.0
639.028360,+420.000,+419.987,+072.8,+0046.1,+0036.2,+100.0
640.098367,+420.000,+420.010,+072.5,+0046.1,+0036.2,+100.0
641.158190,+420.000,+420.024,+072.3,+0046.1,+0036.2,+100.0
642.228848,+420.000,+420.049,+072.1,+0046.1,+0036.2,+100.0
643.302110,+420.000,+420.044,+072.2,+0046.1,+0036.2,+100.0
644.369492,+420.000,+420.047,+072.2,+0046.1,+0036.2,+100.0
645.459703,+420.000,+420.036,+072.3,+0046.1,+0036.2,+100.0
646.539632,+420.000,+420.036,+072.3,+0046.1,+0036.2,+100.0
647.629884,+420.000,+420.048,+072.1,+0046.1,+0036.2,+100.0
648.700426,+420.000,+420.053,+072.0,+0046.1,+0036.2,+100.0
649.820239,+420.000,+420.060,+072.0,+0046.1,+0036.2,+100.0
650.941003,+420.000,+420.033,+072.5,+0046.1,+0036.2,+100.0
652.021053,+420.000,+420.024,+072.4,+0046.1,+0036.2,+100.0
653.090541,+420.000,+420.040,+072.0,+0046.1,+0036.2,+100.0
654.161391,+420.000,+420.044,+072.2,+0046.1,+0036.2,+100.0
655.241487,+420.000,+420.020,+072.8,+0046.1,+0036.2,+100.0
656.321421,+420.000,+419.988,+072.8,+0046.1,+0036.2,+100.0
657.392041,+420.000,+419.985,+072.8,+0046.1,+0036.2,+100.0
658.461514,+420.000,+419.975,+072.9,+0046.1,+0036.2,+100.0
659.542228,+420.000,+419.988,+072.6,+0046.1,+0036.2,+100.0
660.622715,+420.000,+420.008,+072.3,+0046.1,+0036.2,+100.0
661.702622,+420.000,+420.008,+072.6,+0046.1,+0036.2,+100.0
662.823227,+420.000,+420.012,+072.3,+0046.1,+0036.2,+100.0
663.933286,+420.000,+420.018,+072.4,+0046.1,+0036.2,+100.0
665.003245,+420.000,+420.026,+072.2,+0046.1,+0036.2,+100.0
666.063865,+420.000,+420.025,+072.3,+0046.1,+0036.2,+100.0
667.144542,+420.000,+420.041,+072.0,+0046.1,+0036.2,+100.0
668.246262,+420.000,+420.047,+072.0,+0046.1,+0036.2,+100.0
669.374310,+420.000,+420.041,+072.1,+0046.1,+0036.2,+100.0
670.454419,+420.000,+420.048,+071.9,+0046.1,+0036.2,+100.0
671.536211,+420.000,+420.021,+072.7,+0046.1,+0036.2,+100.0
672.604371,+420.000,+419.982,+072.8,+0046.1,+0036.2,+100.0
673.678951,+420.000,+419.981,+072.8,+0046.1,+0036.2,+100.0
674.795650,+420.000,+419.988,+072.7,+0046.1,+0036.2,+100.0
675.915927,+420.000,+419.982,+072.7,+0046.1,+0036.2,+100.0
677.019373,+420.000,+420.006,+072.2,+0046.1,+0036.2,+100.0
678.115383,+420.000,+420.012,+072.5,+0046.1,+0036.2,+100.0
679.236393,+420.000,+420.015,+072.3,+0046.1,+0036.2,+100.0
680.306687,+420.000,+420.024,+072.1,+0046.1,+0036.2,+100.0
681.376919,+420.000,+420.045,+071.9,+0046.1,+0036.2,+100.0
682.457925,+420.000,+420.047,+072.0,+0046.1,+0036.2,+100.0
683.539083,+420.000,+420.043,+072.1,+0046.1,+0036.2,+100.0
684.616601,+420.000,+420.020,+072.4,+0046.1,+0036.2,+100.0
685.697608,+420.000,+420.006,+072.5,+0046.1,+0036.2,+100.0
686.817171,+420.000,+419.992,+072.6,+0046.1,+0036.2,+100.0
687.947786,+420.000,+420.005,+072.4,+0046.1,+0036.2,+100.0
689.057795,+420.000,+419.998,+072.6,+0046.1,+0036.2,+100.0
690.138380,+420.000,+420.005,+072.2,+0046.1,+0036.2,+100.0
691.208715,+420.000,+420.041,+071.8,+0046.1,+0036.2,+100.0
692.268734,+420.000,+420.052,+071.9,+0046.1,+0036.2,+100.0
693.348934,+420.000,+420.054,+071.8,+0046.1,+0036.2,+100.0
694.439035,+420.000,+420.049,+072.0,+0046.1,+0036.2,+100.0
695.509042,+420.000,+420.034,+072.1,+0046.1,+0036.2,+100.0
696.599802,+420.000,+420.031,+072.1,+0046.1,+0036.2,+100.0
697.671992,+420.000,+420.022,+072.2,+0046.1,+0036.2,+100.0
698.769995,+420.000,+420.018,+072.3,+0046.1,+0036.2,+100.0
699.899920,+420.000,+420.001,+072.5,+0046.1,+0036.2,+100.0
700.970692,+420.000,+420.012,+072.2,+0046.1,+0036.2,+100.0
702.050703,+420.000,+420.007,+072.4,+0046.1,+0036.2,+100.0
703.131212,+420.000,+420.012,+072.2,+0046.1,+0036.2,+100.0
704.211050,+420.000,+420.020,+072.1,+0046.1,+0036.2,+100.0
705.280885,+420.000,+420.019,+072.3,+0046.1,+0036.2,+100.0
706.361376,+420.000,+419.989,+072.9,+0046.1,+0036.2,+100.0
707.451325,+420.000,+419.954,+073.0,+0046.1,+0036.2,+100.0
708.531989,+420.000,+419.951,+072.8,+0046.1,+0036.2,+100.0
709.602334,+420.000,+419.976,+072.5,+0046.1,+0036.2,+100.0
710.682317,+420.000,+419.981,+072.5,+0046.1,+0036.2,+100.0
711.812943,+420.000,+420.000,+072.2,+0046.1,+0036.2,+100.0
712.932563,+420.000,+420.015,+072.1,+0046.1,+0036.2,+100.0
714.002840,+420.000,+420.023,+072.2,+0046.1,+0036.2,+100.0
715.074559,+420.000,+419.998,+072.5,+0046.1,+0036.2,+100.0
716.153155,+420.000,+419.987,+072.6,+0046.1,+0036.2,+100.0
717.243161,+420.000,+419.986,+072.5,+0046.1,+0036.2,+100.0
718.343978,+420.000,+420.006,+072.1,+0046.1,+0036.2,+100.0
719.413699,+420.000,+420.026,+072.0,+0046.1,+0036.2,+100.0
720.493708,+420.000,+420.018,+072.3,+0046.1,+0036.2,+100.0
721.566465,+420.000,+419.996,+072.5,+0046.1,+0036.2,+100.0
722.635524,+420.000,+420.018,+071.8,+0046.1,+0036.2,+100.0
723.704851,+420.000,+420.048,+071.7,+0046.1,+0036.2,+100.0
724.825064,+420.000,+420.051,+071.7,+0046.1,+0036.2,+100.0
725.905074,+420.000,+420.040,+072.0,+0046.1,+0036.2,+100.0
726.975369,+420.000,+420.027,+072.1,+0046.1,+0036.2,+100.0
728.055379,+420.000,+420.012,+072.3,+0046.1,+0036.2,+100.0
729.165387,+420.000,+420.008,+072.3,+0046.1,+0036.2,+100.0
730.245665,+420.000,+420.004,+072.3,+0046.1,+0036.2,+100.0
731.327282,+420.000,+419.989,+072.6,+0046.1,+0036.2,+100.0
732.396298,+420.000,+419.986,+072.4,+0046.1,+0036.2,+100.0
733.466656,+420.000,+420.011,+072.0,+0046.1,+0036.2,+100.0
734.560590,+420.000,+420.017,+072.2,+0046.1,+0036.2,+100.0
735.646846,+420.000,+420.017,+072.1,+0046.1,+0036.2,+100.0
736.757506,+420.000,+420.010,+072.2,+0046.1,+0036.2,+100.0
737.908152,+420.000,+420.017,+072.0,+0046.1,+0036.2,+100.0
739.027803,+420.000,+420.005,+072.5,+0046.1,+0036.2,+100.0
740.107448,+420.000,+419.992,+072.3,+0046.1,+0036.2,+100.0
741.181467,+420.000,+420.000,+072.3,+0046.1,+0036.2,+100.0
742.275785,+420.000,+419.990,+072.6,+0046.1,+0036.2,+100.0
743.348055,+420.000,+419.982,+072.4,+0046.1,+0036.2,+100.0
744.432284,+420.000,+419.993,+072.4,+0046.1,+0036.2,+100.0
745.509941,+420.000,+419.999,+072.2,+0046.1,+0036.2,+100.0
746.568948,+420.000,+420.011,+072.1,+0046.1,+0036.2,+100.0
747.649581,+420.000,+420.010,+072.3,+0046.1,+0036.2,+100.0
748.750719,+420.000,+420.003,+072.2,+0046.1,+0036.2,+100.0
749.870659,+420.000,+420.012,+072.0,+0046.1,+0036.2,+100.0
750.950536,+420.000,+420.025,+072.0,+0046.1,+0036.2,+100.0
752.030172,+420.000,+420.022,+072.1,+0046.1,+0036.2,+100.0
753.110576,+420.000,+420.005,+072.4,+0046.1,+0036.2,+100.0
754.184580,+420.000,+419.988,+072.5,+0046.1,+0036.2,+100.0
755.274347,+420.000,+419.997,+072.2,+0046.1,+0036.2,+100.0
756.371873,+420.000,+420.003,+072.2,+0046.1,+0036.2,+100.0
757.462883,+420.000,+419.995,+072.3,+0046.1,+0036.2,+100.0
758.572022,+420.000,+420.014,+072.0,+0046.1,+0036.2,+100.0
759.652559,+420.000,+420.011,+072.2,+0046.1,+0036.2,+100.0
760.752568,+420.000,+420.016,+072.0,+0046.1,+0036.2,+100.0
761.882651,+420.000,+420.033,+071.7,+0046.1,+0036.2,+100.0
762.967965,+420.000,+420.040,+071.9,+0046.1,+0036.2,+100.0
764.052973,+420.000,+420.025,+072.0,+0046.1,+0036.2,+100.0
765.133255,+420.000,+420.022,+072.1,+0046.1,+0036.2,+100.0
766.202895,+420.000,+420.017,+072.1,+0046.1,+0036.2,+100.0
767.283901,+420.000,+419.997,+072.5,+0046.1,+0036.2,+100.0
768.383243,+420.000,+419.997,+072.2,+0046.1,+0036.2,+100.0
769.474414,+420.000,+420.020,+071.8,+0046.1,+0036.2,+100.0
770.563765,+420.000,+420.035,+071.7,+0046.1,+0036.2,+100.0
771.653339,+420.000,+420.035,+072.0,+0046.1,+0036.2,+100.0
772.772159,+420.000,+420.035,+071.8,+0046.1,+0036.2,+100.0
773.889907,+420.000,+420.040,+071.6,+0046.1,+0036.2,+100.0
774.978648,+420.000,+420.038,+072.0,+0046.1,+0036.2,+100.0
776.065374,+420.000,+420.021,+071.9,+0046.1,+0036.2,+100.0
777.165808,+420.000,+420.022,+072.1,+0046.1,+0036.2,+100.0
778.271438,+420.000,+420.000,+072.2,+0046.1,+0036.2,+100.0
779.386803,+420.000,+420.003,+072.1,+0046.1,+0036.2,+100.0
780.466384,+420.000,+420.005,+072.1,+0046.1,+0036.2,+100.0
781.546389,+420.000,+420.016,+071.9,+0046.1,+0036.2,+100.0
782.646230,+420.000,+420.011,+072.1,+0046.1,+0036.2,+100.0
783.756747,+420.000,+420.016,+071.9,+0046.1,+0036.2,+100.0
784.907754,+420.000,+420.029,+071.8,+0046.1,+0036.2,+100.0
785.987762,+420.000,+420.030,+071.8,+0046.1,+0036.2,+100.0
787.079413,+420.000,+420.039,+071.7,+0046.1,+0036.2,+100.0
788.177421,+420.000,+420.047,+071.5,+0046.1,+0036.2,+100.0
789.314430,+420.000,+420.059,+071.5,+0046.1,+0036.2,+100.0
790.387711,+420.000,+420.044,+071.8,+0046.1,+0036.2,+100.0
791.473720,+420.000,+420.021,+072.0,+0046.1,+0036.2,+100.0
792.558468,+420.000,+420.022,+071.8,+0046.1,+0036.2,+100.0
793.644553,+420.000,+420.024,+071.9,+0046.1,+0036.2,+100.0
794.729519,+420.000,+419.996,+072.5,+0046.1,+0036.2,+100.0
795.858525,+420.000,+419.976,+072.4,+0046.1,+0036.2,+100.0
796.938550,+420.000,+419.989,+072.1,+0046.1,+0036.2,+100.0
798.039510,+420.000,+420.011,+071.8,+0046.1,+0036.2,+100.0
799.149520,+420.000,+420.031,+071.6,+0046.1,+0036.2,+100.0
800.238470,+420.000,+420.030,+071.8,+0046.1,+0036.2,+100.0
801.349202,+420.000,+420.025,+071.8,+0046.1,+0036.2,+100.0
802.452032,+420.000,+420.023,+071.7,+0046.1,+0036.2,+100.0
803.520660,+420.000,+420.037,+071.6,+0046.1,+0036.2,+100.0
804.610604,+420.000,+420.036,+071.7,+0046.1,+0036.2,+100.0
805.690872,+420.000,+420.053,+071.3,+0046.1,+0036.2,+100.0
806.822739,+420.000,+420.057,+071.5,+0046.1,+0036.2,+100.0
807.967859,+420.000,+420.034,+071.7,+0046.1,+0036.2,+100.0
809.091400,+420.000,+420.025,+071.8,+0046.1,+0036.2,+100.0
810.161406,+420.000,+420.012,+072.0,+0046.1,+0036.2,+100.0
811.243543,+420.000,+420.014,+071.8,+0046.1,+0036.2,+100.0
812.322981,+420.000,+420.015,+071.8,+0046.1,+0036.2,+100.0
813.392515,+420.000,+420.018,+071.9,+0046.1,+0036.2,+100.0
814.476322,+420.000,+419.994,+072.3,+0046.1,+0036.2,+100.0
815.552451,+420.000,+419.985,+072.1,+0046.1,+0036.2,+100.0
816.644459,+420.000,+419.983,+072.2,+0046.1,+0036.2,+100.0
817.715469,+420.000,+419.987,+072.1,+0046.1,+0036.2,+100.0
818.834113,+420.000,+419.998,+071.9,+0046.1,+0036.2,+100.0
819.935120,+420.000,+420.005,+071.8,+0046.1,+0036.2,+100.0
821.003973,+420.000,+419.985,+072.3,+0046.1,+0036.2,+100.0
822.103965,+420.000,+420.001,+071.7,+0046.1,+0036.2,+100.0
823.174253,+420.000,+420.015,+071.7,+0046.1,+0036.2,+100.0
824.254025,+420.000,+420.030,+071.4,+0046.1,+0036.2,+100.0
825.334585,+420.000,+420.042,+071.4,+0046.1,+0036.2,+100.0
826.414423,+420.000,+420.051,+071.3,+0046.1,+0036.2,+100.0
827.485434,+420.000,+420.051,+071.4,+0046.1,+0036.2,+100.0
828.564750,+420.000,+420.038,+071.6,+0046.1,+0036.2,+100.0
829.645393,+420.000,+420.028,+071.6,+0046.1,+0036.2,+100.0
830.726017,+420.000,+420.029,+071.6,+0046.1,+0036.2,+100.0
831.856107,+420.000,+420.032,+071.5,+0046.1,+0036.2,+100.0
832.936737,+420.000,+420.022,+071.9,+0046.1,+0036.2,+100.0
834.006512,+420.000,+420.003,+071.9,+0046.1,+0036.2,+100.0
835.066571,+420.000,+420.006,+071.7,+0046.1,+0036.2,+100.0
836.156441,+420.000,+420.016,+071.7,+0046.1,+0036.2,+100.0
837.237285,+420.000,+420.027,+071.5,+0046.1,+0036.2,+100.0
838.326948,+420.000,+420.018,+071.8,+0046.1,+0036.2,+100.0
839.457341,+420.000,+420.005,+071.9,+0046.1,+0036.2,+100.0
840.537892,+420.000,+420.001,+071.8,+0046.1,+0036.2,+100.0
841.608320,+420.000,+419.994,+072.1,+0046.1,+0036.2,+100.0
842.688596,+420.000,+419.988,+072.0,+0046.1,+0036.2,+100.0
843.819139,+420.000,+419.987,+071.9,+0046.1,+0036.2,+100.0
844.938398,+420.000,+420.004,+071.7,+0046.1,+0036.2,+100.0
846.019871,+420.000,+420.014,+071.6,+0046.1,+0036.2,+100.0
847.078881,+420.000,+420.030,+071.4,+0046.1,+0036.2,+100.0
848.179822,+420.000,+420.013,+071.8,+0046.1,+0036.2,+100.0
849.319589,+420.000,+420.010,+071.7,+0046.1,+0036.2,+100.0
850.389485,+420.000,+420.009,+071.8,+0046.1,+0036.2,+100.0
851.470373,+420.000,+420.005,+071.7,+0046.1,+0036.2,+100.0
852.549708,+420.000,+420.014,+071.7,+0046.1,+0036.2,+100.0
853.619980,+420.000,+420.010,+071.7,+0046.1,+0036.2,+100.0
854.710356,+420.000,+420.012,+071.6,+0046.1,+0036.2,+100.0
855.840863,+420.000,+420.026,+071.4,+0046.1,+0036.2,+100.0
856.940856,+420.000,+420.029,+071.5,+0046.1,+0036.2,+100.0
858.041529,+420.000,+420.017,+071.6,+0046.1,+0036.2,+100.0
859.150793,+420.000,+420.021,+071.5,+0046.1,+0036.2,+100.0
860.221223,+420.000,+420.016,+071.7,+0046.1,+0036.2,+100.0
861.291894,+420.000,+420.015,+071.6,+0046.1,+0036.2,+100.0
862.372843,+420.000,+420.013,+071.6,+0046.1,+0036.2,+100.0
863.451665,+420.000,+420.020,+071.5,+0046.1,+0036.2,+100.0
864.521947,+420.000,+420.017,+071.6,+0046.1,+0036.2,+100.0
865.592189,+420.000,+420.017,+071.4,+0046.1,+0036.2,+100.0
866.662720,+420.000,+420.023,+071.6,+0046.1,+0036.2,+100.0
867.763398,+420.000,+419.987,+072.2,+0046.1,+0036.2,+100.0
868.882902,+420.000,+419.975,+072.1,+0046.1,+0036.2,+100.0
869.963211,+420.000,+419.972,+072.1,+0046.1,+0036.2,+100.0
871.043904,+420.000,+419.977,+071.9,+0046.1,+0036.2,+100.0
872.113930,+420.000,+419.992,+071.6,+0046.1,+0036.2,+100.0
873.193833,+420.000,+420.020,+071.4,+0046.1,+0036.2,+100.0
874.284842,+420.000,+420.042,+071.1,+0046.1,+0036.2,+100.0
875.366565,+420.000,+420.039,+071.4,+0046.1,+0036.2,+100.0
876.444573,+420.000,+420.015,+071.8,+0046.1,+0036.2,+100.0
877.524582,+420.000,+419.995,+071.9,+0046.1,+0036.2,+100.0
878.624974,+420.000,+419.974,+072.3,+0046.1,+0036.2,+100.0
879.735127,+420.000,+419.945,+072.5,+0046.1,+0036.2,+100.0
880.865060,+420.000,+419.954,+072.0,+0046.1,+0036.2,+100.0
881.945693,+420.000,+419.986,+071.8,+0046.1,+0036.2,+100.0
883.025879,+420.000,+419.983,+072.0,+0046.1,+0036.2,+100.0
884.095728,+420.000,+419.982,+072.0,+0046.1,+0036.2,+100.0
885.175952,+420.000,+420.002,+071.4,+0046.1,+0036.2,+100.0
886.246428,+420.000,+420.017,+071.5,+0046.1,+0036.2,+100.0
887.316815,+420.000,+420.032,+071.2,+0046.1,+0036.2,+100.0
888.387090,+420.000,+420.041,+071.3,+0046.1,+0036.2,+100.0
889.466967,+420.000,+420.054,+071.0,+0046.1,+0036.2,+100.0
890.536788,+420.000,+420.046,+071.4,+0046.1,+0036.2,+100.0
891.628026,+420.000,+420.029,+071.5,+0046.1,+0036.2,+100.0
892.697320,+420.000,+419.994,+072.1,+0046.1,+0036.2,+100.0
893.828272,+420.000,+419.976,+072.1,+0046.1,+0036.2,+100.0
894.948697,+420.000,+419.971,+072.0,+0046.1,+0036.2,+100.0
896.017969,+420.000,+419.985,+071.7,+0046.1,+0036.2,+100.0
897.088635,+420.000,+420.004,+071.6,+0046.1,+0036.2,+100.0
898.168606,+420.000,+420.005,+071.6,+0046.1,+0036.2,+100.0
899.279087,+420.000,+420.014,+071.4,+0046.1,+0036.2,+100.0
900.349313,+420.000,+420.024,+071.4,+0046.1,+0036.2,+100.0
901.419322,+420.000,+420.029,+071.4,+0046.1,+0036.2,+100.0
902.495326,+420.000,+420.028,+071.3,+0046.1,+0036.2,+100.0
903.570225,+420.000,+420.019,+071.7,+0046.1,+0036.2,+100.0
904.650230,+420.000,+419.993,+071.9,+0046.1,+0036.2,+100.0
905.730234,+420.000,+419.994,+071.8,+0046.1,+0036.2,+100.0
906.860933,+420.000,+419.985,+071.9,+0046.1,+0036.2,+100.0
907.954005,+420.000,+420.008,+071.3,+0046.1,+0036.2,+100.0
909.072719,+420.000,+420.018,+071.5,+0046.1,+0036.2,+100.0
910.152741,+420.000,+420.014,+071.5,+0046.1,+0036.2,+100.0
911.231172,+420.000,+420.020,+071.5,+0046.1,+0036.2,+100.0
912.312154,+420.000,+420.011,+071.5,+0046.1,+0036.2,+100.0
913.392156,+420.000,+420.011,+071.6,+0046.1,+0036.2,+100.0
914.500884,+420.000,+420.009,+071.5,+0046.1,+0036.2,+100.0
915.587523,+420.000,+420.019,+071.4,+0046.1,+0036.2,+100.0
916.698778,+420.000,+420.028,+071.4,+0046.1,+0036.2,+100.0
917.842821,+420.000,+420.033,+071.2,+0046.1,+0036.2,+100.0
918.973833,+420.000,+420.028,+071.6,+0046.1,+0036.2,+100.0
920.193920,+380.000,+419.995,+000.0,+0046.1,+0036.2,+100.0
921.363415,+380.000,+419.928,+000.0,+0046.1,+0036.2,+100.0
922.543867,+380.000,+419.762,+000.0,+0046.1,+0036.2,+100.0
923.694189,+380.000,+419.433,+000.0,+0046.1,+0036.2,+100.0
924.836752,+380.000,+419.004,+000.0,+0046.1,+0036.2,+100.0
925.924565,+380.000,+418.493,+000.0,+0046.1,+0036.2,+100.0
927.014126,+380.000,+417.903,+000.0,+0046.1,+0036.2,+100.0
928.094308,+380.000,+417.264,+000.0,+0046.1,+0036.2,+100.0
929.225392,+380.000,+416.593,+000.0,+0046.1,+0036.2,+100.0
930.316432,+380.000,+415.905,+000.0,+0046.1,+0036.2,+100.0
931.385439,+380.000,+415.197,+000.0,+0046.1,+0036.2,+100.0
932.467145,+380.000,+414.565,+000.0,+0046.1,+0036.2,+100.0
933.545543,+380.000,+413.844,+000.0,+0046.1,+0036.2,+100.0
934.615551,+380.000,+413.150,+000.0,+0046.1,+0036.2,+100.0
935.689857,+380.000,+412.481,+000.0,+0046.1,+0036.2,+100.0
936.796428,+380.000,+411.841,+000.0,+0046.1,+0036.2,+100.0
937.936446,+380.000,+411.206,+000.0,+0046.1,+0036.2,+100.0
939.057788,+380.000,+410.554,+000.0,+0046.1,+0036.2,+100.0
940.147109,+380.000,+409.914,+000.0,+0046.1,+0036.2,+100.0
941.216991,+380.000,+409.287,+000.0,+0046.1,+0036.2,+100.0
942.287973,+380.000,+408.663,+000.0,+0046.1,+0036.2,+100.0
943.377296,+380.000,+408.121,+000.0,+0046.1,+0036.2,+100.0
944.466881,+380.000,+407.519,+000.0,+0046.1,+0036.2,+100.0
945.576258,+380.000,+406.892,+000.0,+0046.1,+0036.2,+100.0
946.674539,+380.000,+406.373,+000.0,+0046.1,+0036.2,+100.0
947.801167,+380.000,+405.772,+000.0,+0046.1,+0036.2,+100.0
948.948481,+380.000,+405.236,+000.0,+0046.1,+0036.2,+100.0
950.029340,+380.000,+404.710,+000.0,+0046.1,+0036.2,+100.0
951.106462,+380.000,+404.188,+000.0,+0046.1,+0036.2,+100.0
952.202893,+380.000,+403.662,+000.0,+0046.1,+0036.2,+100.0
953.344824,+380.000,+403.152,+000.0,+0046.1,+0036.2,+100.0
954.471426,+380.000,+402.651,+000.0,+0046.1,+0036.2,+100.0
955.566248,+380.000,+402.167,+000.0,+0046.1,+0036.2,+100.0
956.675952,+380.000,+401.692,+000.0,+0046.1,+0036.2,+100.0
957.790747,+380.000,+401.185,+000.0,+0046.1,+0036.2,+100.0
958.921367,+380.000,+400.726,+000.0,+0046.1,+0036.2,+100.0
960.022463,+380.000,+400.275,+000.0,+0046.1,+0036.2,+100.0
961.105754,+380.000,+399.807,+000.0,+0046.1,+0036.2,+100.0
962.233000,+380.000,+399.356,+000.0,+0046.1,+0036.2,+100.0
963.345008,+380.000,+398.919,+000.0,+0046.1,+0036.2,+100.0
964.476567,+380.000,+398.458,+000.0,+0046.1,+0036.2,+100.0
965.607382,+380.000,+398.049,+000.0,+0046.1,+0036.2,+100.0
966.747245,+380.000,+397.645,+000.0,+0046.1,+0036.2,+100.0
967.882252,+380.000,+397.203,+000.0,+0046.1,+0036.2,+100.0
969.047009,+380.000,+396.804,+000.0,+0046.1,+0036.2,+100.0
970.177151,+380.000,+396.410,+000.0,+0046.1,+0036.2,+100.0
971.284107,+380.000,+395.981,+000.0,+0046.1,+0036.2,+100.0
972.395135,+380.000,+395.583,+000.0,+0046.1,+0036.2,+100.0
973.483673,+380.000,+395.241,+000.0,+0046.1,+0036.2,+100.0
974.589684,+380.000,+394.852,+000.0,+0046.1,+0036.2,+100.0
975.706778,+380.000,+394.485,+000.0,+0046.1,+0036.2,+100.0
976.855277,+380.000,+394.110,+000.0,+0046.1,+0036.2,+100.0
977.979285,+380.000,+393.723,+000.0,+0046.1,+0036.2,+100.0
979.104418,+380.000,+393.360,+000.0,+0046.1,+0036.2,+100.0
980.206637,+380.000,+393.011,+000.0,+0046.1,+0036.2,+100.0
981.305644,+380.000,+392.666,+000.0,+0046.1,+0036.2,+100.0
982.386817,+380.000,+392.341,+000.0,+0046.1,+0036.2,+100.0
983.494894,+380.000,+392.019,+000.0,+0046.1,+0036.2,+100.0
984.595903,+380.000,+391.696,+000.0,+0046.1,+0036.2,+100.0
985.687071,+380.000,+391.392,+000.0,+0046.1,+0036.2,+100.0
986.787768,+380.000,+391.002,+000.0,+0046.1,+0036.2,+100.0
988.079538,+380.000,+390.657,+000.0,+0046.1,+0036.2,+100.0
989.203903,+380.000,+390.337,+000.0,+0046.1,+0036.2,+100.0
990.288908,+380.000,+390.030,+000.0,+0046.1,+0036.2,+100.0
991.381818,+380.000,+389.724,+000.0,+0046.1,+0036.2,+100.0
992.509070,+380.000,+389.425,+000.0,+0046.1,+0036.2,+100.0
993.588802,+380.000,+389.106,+000.0,+0046.1,+0036.2,+100.0
994.680987,+380.000,+388.820,+000.0,+0046.1,+0036.2,+100.0
995.787993,+380.000,+388.504,+000.0,+0046.1,+0036.2,+100.0
996.905830,+380.000,+388.222,+000.0,+0046.1,+0036.2,+100.0
997.988839,+380.000,+387.938,+000.0,+0046.1,+0036.2,+100.0
999.119850,+380.000,+387.658,+000.0,+0046.1,+0036.2,+100.0
1000.199230,+380.000,+387.362,+000.0,+0046.1,+0036.2,+100.0
1001.304897,+380.000,+387.086,+000.0,+0046.1,+0036.2,+100.0
1002.381908,+380.000,+386.825,+000.0,+0046.1,+0036.2,+100.0
1003.463635,+380.000,+386.542,+000.0,+0046.1,+0036.2,+100.0
1004.545641,+380.000,+386.278,+000.0,+0046.1,+0036.2,+100.0
1005.640709,+380.000,+386.013,+000.0,+0046.1,+0036.2,+100.0
1006.723108,+380.000,+385.747,+000.0,+0046.1,+0036.2,+100.0
1007.851546,+380.000,+385.492,+000.0,+0046.1,+0036.2,+100.0
1008.995097,+380.000,+385.205,+000.0,+0046.1,+0036.2,+100.0
1010.146616,+380.000,+384.946,+000.0,+0046.1,+0036.2,+100.0
1011.255446,+380.000,+384.688,+000.0,+0046.1,+0036.2,+100.0
1012.391640,+380.000,+384.417,+000.0,+0046.1,+0036.2,+100.0
1013.488720,+380.000,+384.148,+000.0,+0046.1,+0036.2,+100.0
1014.598722,+380.000,+383.868,+000.0,+0046.1,+0036.2,+100.0
1015.696754,+380.000,+383.604,+000.0,+0046.1,+0036.2,+100.0
1016.866817,+380.000,+383.361,+000.0,+0046.1,+0036.2,+100.0
1018.023824,+380.000,+383.123,+000.0,+0046.1,+0036.2,+100.0
1019.179536,+380.000,+382.883,+000.0,+0046.1,+0036.2,+100.0
1020.275544,+380.000,+382.626,+000.0,+0046.1,+0036.2,+100.0
1021.394550,+380.000,+382.362,+000.0,+0046.1,+0036.2,+100.0
1022.505560,+380.000,+382.142,+000.0,+0046.1,+0036.2,+100.0
1023.637746,+380.000,+381.903,+000.0,+0046.1,+0036.2,+100.0
1024.775750,+380.000,+381.638,+001.0,+0046.1,+0036.2,+100.0
1025.950755,+380.000,+381.401,+002.8,+0046.1,+0036.2,+100.0
1027.109349,+380.000,+381.158,+004.4,+0046.1,+0036.2,+100.0
1028.245359,+380.000,+380.926,+006.4,+0046.1,+0036.2,+100.0
1029.397363,+380.000,+380.677,+007.9,+0046.1,+0036.2,+100.0
1030.496379,+380.000,+380.464,+009.5,+0046.1,+0036.2,+100.0
1031.592379,+380.000,+380.218,+011.4,+0046.1,+0036.2,+100.0
1032.701703,+380.000,+379.996,+012.8,+0046.1,+0036.2,+100.0
1033.856711,+380.000,+379.803,+014.1,+0046.1,+0036.2,+100.0
1034.966720,+380.000,+379.603,+015.6,+0046.1,+0036.2,+100.0
1036.061779,+380.000,+379.407,+017.2,+0046.1,+0036.2,+100.0
1037.172785,+380.000,+379.219,+018.6,+0046.1,+0036.2,+100.0
1038.277794,+380.000,+379.008,+020.5,+0046.1,+0036.2,+100.0
1039.407701,+380.000,+378.822,+022.0,+0046.1,+0036.2,+100.0
1040.502711,+380.000,+378.648,+023.6,+0046.1,+0036.2,+100.0
1041.598688,+380.000,+378.478,+025.1,+0046.1,+0036.2,+100.0
1042.678851,+380.000,+378.335,+026.6,+0046.1,+0036.2,+100.0
1043.801832,+380.000,+378.164,+028.1,+0046.1,+0036.2,+100.0
1044.927838,+380.000,+378.011,+029.7,+0046.1,+0036.2,+100.0
1046.039442,+380.000,+377.880,+030.8,+0046.1,+0036.2,+100.0
1047.145447,+380.000,+377.764,+032.1,+0046.1,+0036.2,+100.0
1048.261458,+380.000,+377.661,+033.3,+0046.1,+0036.2,+100.0
1049.390725,+380.000,+377.569,+034.3,+0046.1,+0036.2,+100.0
1050.491734,+380.000,+377.483,+035.3,+0046.1,+0036.2,+100.0
1051.578741,+380.000,+377.421,+036.0,+0046.1,+0036.2,+100.0
1052.659477,+380.000,+377.364,+036.8,+0046.1,+0036.2,+100.0
1053.782484,+380.000,+377.322,+037.5,+0046.1,+0036.2,+100.0
1054.901491,+380.000,+377.275,+038.4,+0046.1,+0036.2,+100.0
1056.003096,+380.000,+377.239,+039.0,+0046.1,+0036.2,+100.0
1057.143106,+380.000,+377.232,+039.4,+0046.1,+0036.2,+100.0
1058.240191,+380.000,+377.214,+040.0,+0046.1,+0036.2,+100.0
1059.370196,+380.000,+377.208,+040.5,+0046.1,+0036.2,+100.0
1060.441258,+380.000,+377.211,+040.8,+0046.1,+0036.2,+100.0
1061.551542,+380.000,+377.215,+041.4,+0046.1,+0036.2,+100.0
1062.642551,+380.000,+377.222,+041.7,+0046.1,+0036.2,+100.0
1063.701558,+380.000,+377.247,+042.0,+0046.1,+0036.2,+100.0
1064.831120,+380.000,+377.271,+042.3,+0046.1,+0036.2,+100.0
1065.932153,+380.000,+377.296,+042.5,+0046.1,+0036.2,+100.0
1067.012168,+380.000,+377.326,+042.8,+0046.1,+0036.2,+100.0
1068.102394,+380.000,+377.354,+043.2,+0046.1,+0036.2,+100.0
1069.212047,+380.000,+377.382,+043.5,+0046.1,+0036.2,+100.0
1070.283017,+380.000,+377.399,+043.9,+0046.1,+0036.2,+100.0
1071.363182,+380.000,+377.424,+044.3,+0046.1,+0036.2,+100.0
1072.443385,+380.000,+377.469,+044.1,+0046.1,+0036.2,+100.0
1073.515393,+380.000,+377.536,+044.1,+0046.1,+0036.2,+100.0
1074.583436,+380.000,+377.569,+044.6,+0046.1,+0036.2,+100.0
1075.673395,+380.000,+377.596,+044.9,+0046.1,+0036.2,+100.0
1076.773371,+380.000,+377.639,+045.1,+0046.1,+0036.2,+100.0
1077.907378,+380.000,+377.680,+045.4,+0046.1,+0036.2,+100.0
1079.027928,+380.000,+377.711,+045.7,+0046.1,+0036.2,+100.0
1080.104937,+380.000,+377.764,+045.7,+0046.1,+0036.2,+100.0
1081.184946,+380.000,+377.801,+046.0,+0046.1,+0036.2,+100.0
1082.274925,+380.000,+377.846,+046.1,+0046.1,+0036.2,+100.0
1083.364923,+380.000,+377.885,+046.4,+0046.1,+0036.2,+100.0
1084.434931,+380.000,+377.932,+046.5,+0046.1,+0036.2,+100.0
1085.506218,+380.000,+377.978,+046.7,+0046.1,+0036.2,+100.0
1086.586230,+380.000,+378.011,+046.9,+0046.1,+0036.2,+100.0
1087.666235,+380.000,+378.054,+047.0,+0046.1,+0036.2,+100.0
1088.769957,+380.000,+378.088,+047.4,+0046.1,+0036.2,+100.0
1089.886965,+380.000,+378.129,+047.5,+0046.1,+0036.2,+100.0
1090.976743,+380.000,+378.171,+047.7,+0046.1,+0036.2,+100.0
1092.061329,+380.000,+378.207,+048.0,+0046.1,+0036.2,+100.0
1093.142725,+380.000,+378.257,+047.9,+0046.1,+0036.2,+100.0
1094.236730,+380.000,+378.294,+048.2,+0046.1,+0036.2,+100.0
1095.307986,+380.000,+378.334,+048.3,+0046.1,+0036.2,+100.0
1096.388340,+380.000,+378.380,+048.4,+0046.1,+0036.2,+100.0
1097.480344,+380.000,+378.407,+048.7,+0046.1,+0036.2,+100.0
1098.568630,+380.000,+378.454,+048.7,+0046.1,+0036.2,+100.0
1099.661791,+380.000,+378.484,+049.0,+0046.1,+0036.2,+100.0
1100.748077,+380.000,+378.533,+048.9,+0046.1,+0036.2,+100.0
1101.869215,+380.000,+378.579,+048.9,+0046.1,+0036.2,+100.0
1102.939171,+380.000,+378.613,+049.3,+0046.1,+0036.2,+100.0
1104.009181,+380.000,+378.649,+049.2,+0046.1,+0036.2,+100.0
1105.090825,+380.000,+378.691,+049.3,+0046.1,+0036.2,+100.0
1106.170100,+380.000,+378.734,+049.3,+0046.1,+0036.2,+100.0
1107.250136,+380.000,+378.779,+049.4,+0046.1,+0036.2,+100.0
1108.340219,+380.000,+378.804,+049.6,+0046.1,+0036.2,+100.0
1109.459932,+380.000,+378.845,+049.5,+0046.1,+0036.2,+100.0
1110.540911,+380.000,+378.882,+049.6,+0046.1,+0036.2,+100.0
1111.611676,+380.000,+378.920,+049.6,+0046.1,+0036.2,+100.0
1112.692852,+380.000,+378.951,+049.8,+0046.1,+0036.2,+100.0
1113.801270,+380.000,+378.967,+050.1,+0046.1,+0036.2,+100.0
1114.932717,+380.000,+378.977,+050.5,+0046.1,+0036.2,+100.0
1116.011543,+380.000,+378.996,+050.6,+0046.1,+0036.2,+100.0
1117.092862,+380.000,+379.032,+050.4,+0046.1,+0036.2,+100.0
1118.194962,+380.000,+379.076,+050.4,+0046.1,+0036.2,+100.0
1119.332787,+380.000,+379.113,+050.4,+0046.1,+0036.2,+100.0
1120.393468,+380.000,+379.137,+050.6,+0046.1,+0036.2,+100.0
1121.473438,+380.000,+379.154,+050.8,+0046.1,+0036.2,+100.0
1122.543134,+380.000,+379.172,+051.0,+0046.1,+0036.2,+100.0
1123.613456,+380.000,+379.185,+051.2,+0046.1,+0036.2,+100.0
1124.693763,+380.000,+379.200,+051.2,+0046.1,+0036.2,+100.0
1125.820374,+380.000,+379.233,+051.3,+0046.1,+0036.2,+100.0
1126.944072,+380.000,+379.248,+051.5,+0046.1,+0036.2,+100.0
1128.034165,+380.000,+379.274,+051.3,+0046.1,+0036.2,+100.0
1129.144286,+380.000,+379.311,+051.3,+0046.1,+0036.2,+100.0
1130.221620,+380.000,+379.334,+051.4,+0046.1,+0036.2,+100.0
1131.304630,+380.000,+379.353,+051.5,+0046.1,+0036.2,+100.0
1132.400328,+380.000,+379.367,+051.6,+0046.1,+0036.2,+100.0
1133.485299,+380.000,+379.385,+051.7,+0046.1,+0036.2,+100.0
1134.565332,+380.000,+379.404,+051.7,+0046.1,+0036.2,+100.0
1135.648360,+380.000,+379.422,+051.8,+0046.1,+0036.2,+100.0
1136.736278,+380.000,+379.442,+051.7,+0046.1,+0036.2,+100.0
1137.866237,+380.000,+379.461,+052.0,+0046.1,+0036.2,+100.0
1138.986398,+380.000,+379.475,+051.9,+0046.1,+0036.2,+100.0
1140.066235,+380.000,+379.497,+052.0,+0046.1,+0036.2,+100.0
1141.146463,+380.000,+379.505,+052.1,+0046.1,+0036.2,+100.0
1142.237699,+380.000,+379.514,+052.3,+0046.1,+0036.2,+100.0
1143.317477,+380.000,+379.522,+052.3,+0046.1,+0036.2,+100.0
1144.397387,+380.000,+379.528,+052.6,+0046.1,+0036.2,+100.0
1145.457920,+380.000,+379.536,+052.6,+0046.1,+0036.2,+100.0
1146.547689,+380.000,+379.552,+052.6,+0046.1,+0036.2,+100.0
1147.620023,+380.000,+379.565,+052.7,+0046.1,+0036.2,+100.0
1148.697984,+380.000,+379.575,+052.7,+0046.1,+0036.2,+100.0
1149.838507,+380.000,+379.589,+052.8,+0046.1,+0036.2,+100.0
1150.938082,+380.000,+379.596,+053.0,+0046.1,+0036.2,+100.0
1152.009292,+380.000,+379.593,+053.2,+0046.1,+0036.2,+100.0
1153.089365,+380.000,+379.596,+053.3,+0046.1,+0036.2,+100.0
1154.168562,+380.000,+379.590,+053.5,+0046.1,+0036.2,+100.0
1155.238931,+380.000,+379.606,+053.4,+0046.1,+0036.2,+100.0
1156.299476,+380.000,+379.632,+053.2,+0046.1,+0036.2,+100.0
1157.370041,+380.000,+379.643,+053.5,+0046.1,+0036.2,+100.0
1158.450053,+380.000,+379.630,+053.8,+0046.1,+0036.2,+100.0
1159.509692,+380.000,+379.642,+053.6,+0046.1,+0036.2,+100.0
1160.580778,+380.000,+379.664,+053.5,+0046.1,+0036.2,+100.0
1161.670883,+380.000,+379.676,+053.5,+0046.1,+0036.2,+100.0
1162.751309,+380.000,+379.691,+053.4,+0046.1,+0036.2,+100.0
1163.870912,+380.000,+379.696,+053.8,+0046.1,+0036.2,+100.0
1164.940753,+380.000,+379.697,+053.7,+0046.1,+0036.2,+100.0
1166.001565,+380.000,+379.710,+053.7,+0046.1,+0036.2,+100.0
1167.071805,+380.000,+379.722,+053.7,+0046.1,+0036.2,+100.0
1168.161752,+380.000,+379.723,+053.8,+0046.1,+0036.2,+100.0
1169.286550,+380.000,+379.724,+054.1,+0046.1,+0036.2,+100.0
1170.372291,+380.000,+379.717,+054.3,+0046.1,+0036.2,+100.0
1171.443133,+380.000,+379.710,+054.5,+0046.1,+0036.2,+100.0
1172.502960,+380.000,+379.685,+054.9,+0046.1,+0036.2,+100.0
1173.582354,+380.000,+379.681,+054.9,+0046.1,+0036.2,+100.0
1174.663586,+380.000,+379.699,+054.7,+0046.1,+0036.2,+100.0
1175.763295,+380.000,+379.705,+054.9,+0046.1,+0036.2,+100.0
1176.874051,+380.000,+379.724,+054.6,+0046.1,+0036.2,+100.0
1177.964028,+380.000,+379.749,+054.5,+0046.1,+0036.2,+100.0
1179.085129,+380.000,+379.744,+054.9,+0046.1,+0036.2,+100.0
1180.164570,+380.000,+379.738,+054.9,+0046.1,+0036.2,+100.0
1181.234957,+380.000,+379.750,+054.8,+0046.1,+0036.2,+100.0
1182.314996,+380.000,+379.753,+055.0,+0046.1,+0036.2,+100.0
1183.395237,+380.000,+379.750,+055.0,+0046.1,+0036.2,+100.0
1184.475636,+380.000,+379.752,+055.2,+0046.1,+0036.2,+100.0
1185.548159,+380.000,+379.751,+055.1,+0046.1,+0036.2,+100.0
1186.645697,+380.000,+379.747,+055.5,+0046.1,+0036.2,+100.0
1187.736206,+380.000,+379.747,+055.5,+0046.1,+0036.2,+100.0
1188.865871,+380.000,+379.753,+055.4,+0046.1,+0036.2,+100.0
1189.946738,+380.000,+379.773,+055.3,+0046.1,+0036.2,+100.0
1191.037037,+380.000,+379.770,+055.5,+0046.1,+0036.2,+100.0
1192.136297,+380.000,+379.781,+055.3,+0046.1,+0036.2,+100.0
1193.207620,+380.000,+379.790,+055.4,+0046.1,+0036.2,+100.0
1194.287597,+380.000,+379.795,+055.4,+0046.1,+0036.2,+100.0
1195.367383,+380.000,+379.795,+055.6,+0046.1,+0036.2,+100.0
1196.448005,+380.000,+379.793,+055.7,+0046.1,+0036.2,+100.0
1197.517349,+380.000,+379.776,+055.9,+0046.1,+0036.2,+100.0
1198.588428,+380.000,+379.772,+056.2,+0046.1,+0036.2,+100.0
1199.658509,+380.000,+379.762,+056.1,+0046.1,+0036.2,+100.0
1200.758672,+380.000,+379.771,+056.2,+0046.1,+0036.2,+100.0
1201.868619,+380.000,+379.776,+056.1,+0046.1,+0036.2,+100.0
1202.949074,+380.000,+379.774,+056.3,+0046.1,+0036.2,+100.0
1204.009481,+380.000,+379.777,+056.4,+0046.1,+0036.2,+100.0
1205.089143,+380.000,+379.780,+056.3,+0046.1,+0036.2,+100.0
1206.159178,+380.000,+379.777,+056.5,+0046.1,+0036.2,+100.0
1207.219504,+380.000,+379.773,+056.6,+0046.1,+0036.2,+100.0
1208.319165,+380.000,+379.778,+056.6,+0046.1,+0036.2,+100.0
1209.440336,+380.000,+379.783,+056.6,+0046.1,+0036.2,+100.0
1210.510602,+380.000,+379.782,+056.8,+0046.1,+0036.2,+100.0
1211.590060,+380.000,+379.790,+056.5,+0046.1,+0036.2,+100.0
1212.660868,+380.000,+379.805,+056.5,+0046.1,+0036.2,+100.0
1213.750521,+380.000,+379.804,+056.6,+0046.1,+0036.2,+100.0
1214.871404,+380.000,+379.804,+056.8,+0046.1,+0036.2,+100.0
1215.951093,+380.000,+379.814,+056.5,+0046.1,+0036.2,+100.0
1217.021846,+380.000,+379.821,+056.8,+0046.1,+0036.2,+100.0
1218.122279,+380.000,+379.802,+057.1,+0046.1,+0036.2,+100.0
1219.261507,+380.000,+379.788,+057.2,+0046.1,+0036.2,+100.0
1220.355185,+380.000,+379.780,+057.4,+0046.1,+0036.2,+100.0
1221.411934,+380.000,+379.778,+057.5,+0046.1,+0036.2,+100.0
1222.504739,+380.000,+379.783,+057.3,+0046.1,+0036.2,+100.0
1223.592573,+380.000,+379.799,+057.3,+0046.1,+0036.2,+100.0
1224.672608,+380.000,+379.807,+057.2,+0046.1,+0036.2,+100.0
1225.763255,+380.000,+379.811,+057.3,+0046.1,+0036.2,+100.0
1226.883219,+380.000,+379.827,+057.0,+0046.1,+0036.2,+100.0
1227.974050,+380.000,+379.836,+057.3,+0046.1,+0036.2,+100.0
1229.083532,+380.000,+379.828,+057.3,+0046.1,+0036.2,+100.0
1230.154620,+380.000,+379.840,+057.1,+0046.1,+0036.2,+100.0
1231.223794,+380.000,+379.846,+057.4,+0046.1,+0036.2,+100.0
1232.300044,+380.000,+379.837,+057.4,+0046.1,+0036.2,+100.0
1233.412035,+380.000,+379.822,+057.7,+0046.1,+0036.2,+100.0
1234.484586,+380.000,+379.817,+057.9,+0046.1,+0036.2,+100.0
1235.557292,+380.000,+379.809,+057.8,+0046.1,+0036.2,+100.0
1236.615432,+380.000,+379.832,+057.5,+0046.1,+0036.2,+100.0
1237.685868,+380.000,+379.824,+058.0,+0046.1,+0036.2,+100.0
1238.800689,+380.000,+379.827,+057.8,+0046.1,+0036.2,+100.0
1239.906170,+380.000,+379.828,+058.0,+0046.1,+0036.2,+100.0
1240.996565,+380.000,+379.825,+057.9,+0046.1,+0036.2,+100.0
1242.086327,+380.000,+379.833,+057.9,+0046.1,+0036.2,+100.0
1243.166417,+380.000,+379.837,+058.0,+0046.1,+0036.2,+100.0
1244.247123,+380.000,+379.832,+058.1,+0046.1,+0036.2,+100.0
1245.317402,+380.000,+379.842,+057.9,+0046.1,+0036.2,+100.0
1246.387511,+380.000,+379.861,+057.7,+0046.1,+0036.2,+100.0
1247.457731,+380.000,+379.862,+058.0,+0046.1,+0036.2,+100.0
1248.538160,+380.000,+379.846,+058.3,+0046.1,+0036.2,+100.0
1249.597354,+380.000,+379.838,+058.3,+0046.1,+0036.2,+100.0
1250.677564,+380.000,+379.834,+058.4,+0046.1,+0036.2,+100.0
1251.777926,+380.000,+379.828,+058.7,+0046.1,+0036.2,+100.0
1252.878962,+380.000,+379.815,+058.7,+0046.1,+0036.2,+100.0
1253.948701,+380.000,+379.819,+058.6,+0046.1,+0036.2,+100.0
1255.008443,+380.000,+379.827,+058.6,+0046.1,+0036.2,+100.0
1256.088687,+380.000,+379.841,+058.4,+0046.1,+0036.2,+100.0
1257.168912,+380.000,+379.847,+058.6,+0046.1,+0036.2,+100.0
1258.269306,+380.000,+379.840,+058.6,+0046.1,+0036.2,+100.0
1259.380416,+380.000,+379.850,+058.5,+0046.1,+0036.2,+100.0
1260.449589,+380.000,+379.863,+058.5,+0046.1,+0036.2,+100.0
1261.520347,+380.000,+379.863,+058.6,+0046.1,+0036.2,+100.0
1262.589862,+380.000,+379.862,+058.6,+0046.1,+0036.2,+100.0
1263.670475,+380.000,+379.855,+058.8,+0046.1,+0036.2,+100.0
1264.761041,+380.000,+379.858,+058.7,+0046.1,+0036.2,+100.0
1265.882346,+380.000,+379.846,+059.0,+0046.1,+0036.2,+100.0
1266.951681,+380.000,+379.854,+058.8,+0046.1,+0036.2,+100.0
1268.041357,+380.000,+379.856,+059.1,+0046.1,+0036.2,+100.0
1269.151686,+380.000,+379.838,+059.3,+0046.1,+0036.2,+100.0
1270.242337,+380.000,+379.831,+059.3,+0046.1,+0036.2,+100.0
1271.302373,+380.000,+379.834,+059.4,+0046.1,+0036.2,+100.0
1272.382525,+380.000,+379.843,+059.1,+0046.1,+0036.2,+100.0
1273.452674,+380.000,+379.851,+059.3,+0046.1,+0036.2,+100.0
1274.522243,+380.000,+379.849,+059.2,+0046.1,+0036.2,+100.0
