Time(s),SetTemp(K),Temp(K),HeatPower,P,I,D
0.000000,+100.000,+77.4766,+000.0,+0015.0,+0020.0,+000.0
1.108144,+100.000,+77.4746,+000.0,+0015.0,+0020.0,+000.0
2.228173,+100.000,+77.4726,+000.0,+0015.0,+0020.0,+000.0
3.301000,+100.000,+77.4701,+000.0,+0015.0,+0020.0,+000.0
4.368403,+100.000,+77.4683,+000.0,+0015.0,+0020.0,+000.0
5.448132,+100.000,+77.4660,+000.0,+0015.0,+0020.0,+000.0
6.529238,+100.000,+77.4645,+000.0,+0015.0,+0020.0,+000.0
7.589091,+100.000,+77.4616,+000.0,+0015.0,+0020.0,+000.0
8.679109,+100.000,+77.4584,+000.0,+0015.0,+0020.0,+000.0
9.749827,+100.000,+77.4548,+000.0,+0015.0,+0020.0,+000.0
10.819929,+100.000,+77.4520,+000.0,+0015.0,+0020.0,+000.0
11.899954,+100.000,+77.4487,+000.0,+0015.0,+0020.0,+000.0
12.970136,+100.000,+77.4471,+000.0,+0015.0,+0020.0,+000.0
14.040636,+100.000,+77.4450,+000.0,+0015.0,+0020.0,+000.0
15.170660,+100.000,+77.4434,+000.0,+0015.0,+0020.0,+000.0
16.240719,+100.000,+77.4416,+000.0,+0015.0,+0020.0,+000.0
17.330725,+100.000,+77.4411,+000.0,+0015.0,+0020.0,+000.0
18.441745,+100.000,+77.4404,+000.0,+0015.0,+0020.0,+000.0
19.561369,+100.000,+77.4405,+000.0,+0015.0,+0020.0,+000.0
20.631820,+100.000,+77.4406,+000.0,+0015.0,+0020.0,+000.0
21.711667,+100.000,+77.4413,+000.0,+0015.0,+0020.0,+000.0
22.792413,+100.000,+77.4413,+000.0,+0015.0,+0020.0,+000.0
23.862191,+100.000,+77.4419,+000.0,+0015.0,+0020.0,+000.0
24.923261,+100.000,+77.4417,+000.0,+0015.0,+0020.0,+000.0
26.002742,+100.000,+77.4419,+000.0,+0015.0,+0020.0,+000.0
27.112858,+100.000,+77.4417,+000.0,+0015.0,+0020.0,+000.0
28.264665,+100.000,+77.4419,+000.0,+0015.0,+0020.0,+000.0
29.375236,+100.000,+77.4419,+000.0,+0015.0,+0020.0,+000.0
30.478700,+100.000,+77.4428,+000.0,+0015.0,+0020.0,+000.0
31.574896,+100.000,+77.4434,+000.0,+0015.0,+0020.0,+000.0
32.649003,+100.000,+77.4431,+000.0,+0015.0,+0020.0,+000.0
33.735564,+100.000,+77.4425,+000.0,+0015.0,+0020.0,+000.0
34.814983,+100.000,+77.4424,+000.0,+0015.0,+0020.0,+000.0
35.895001,+100.000,+77.4413,+000.0,+0015.0,+0020.0,+000.0
36.965623,+100.000,+77.4410,+000.0,+0015.0,+0020.0,+000.0
38.027262,+100.000,+77.4410,+000.0,+0015.0,+0020.0,+000.0
39.174290,+100.000,+77.4415,+000.0,+0015.0,+0020.0,+000.0
40.276332,+100.000,+77.4420,+000.0,+0015.0,+0020.0,+000.0
41.346411,+100.000,+77.4425,+000.0,+0015.0,+0020.0,+000.0
42.426434,+100.000,+77.4439,+000.0,+0015.0,+0020.0,+000.0
43.506634,+100.000,+77.4450,+000.0,+0015.0,+0020.0,+000.0
44.577447,+100.000,+77.4453,+000.0,+0015.0,+0020.0,+000.0
45.646579,+100.000,+77.4461,+000.0,+0015.0,+0020.0,+000.0
46.727335,+100.000,+77.4485,+000.0,+0015.0,+0020.0,+000.0
47.798920,+100.000,+77.4515,+000.0,+0015.0,+0020.0,+000.0
48.878133,+100.000,+77.4523,+000.0,+0015.0,+0020.0,+000.0
49.947995,+100.000,+77.4531,+000.0,+0015.0,+0020.0,+000.0
51.068098,+100.000,+77.4537,+000.0,+0015.0,+0020.0,+000.0
52.180458,+100.000,+77.4551,+000.0,+0015.0,+0020.0,+000.0
53.249086,+100.000,+77.4550,+000.0,+0015.0,+0020.0,+000.0
54.330431,+100.000,+77.4546,+000.0,+0015.0,+0020.0,+000.0
55.409003,+100.000,+77.4548,+000.0,+0015.0,+0020.0,+000.0
56.509815,+100.000,+77.4561,+000.0,+0015.0,+0020.0,+000.0
57.603662,+100.000,+77.4557,+000.0,+0015.0,+0020.0,+000.0
58.689915,+100.000,+77.4559,+000.0,+0015.0,+0020.0,+000.0
59.770688,+100.000,+77.4564,+000.0,+0015.0,+0020.0,+000.0
60.875668,+100.000,+77.4574,+000.0,+0015.0,+0020.0,+000.0
61.970803,+100.000,+77.4572,+000.0,+0015.0,+0020.0,+000.0
63.090436,+100.000,+77.4577,+000.0,+0015.0,+0020.0,+000.0
64.220992,+100.000,+77.4583,+000.0,+0015.0,+0020.0,+000.0
65.300853,+100.000,+77.4583,+000.0,+0015.0,+0020.0,+000.0
66.381409,+100.000,+77.4583,+000.0,+0015.0,+0020.0,+000.0
67.451679,+100.000,+77.4590,+000.0,+0015.0,+0020.0,+000.0
68.541639,+100.000,+77.4590,+000.0,+0015.0,+0020.0,+000.0
69.672037,+100.000,+77.4603,+000.0,+0015.0,+0020.0,+000.0
70.752754,+100.000,+77.4607,+000.0,+0015.0,+0020.0,+000.0
71.835001,+100.000,+77.4611,+000.0,+0015.0,+0020.0,+000.0
72.925023,+100.000,+77.4610,+000.0,+0015.0,+0020.0,+000.0
74.002559,+100.000,+77.4608,+000.0,+0015.0,+0020.0,+000.0
75.112891,+100.000,+77.4610,+000.0,+0015.0,+0020.0,+000.0
76.228873,+100.000,+77.4616,+000.0,+0015.0,+0020.0,+000.0
77.305249,+100.000,+77.4616,+000.0,+0015.0,+0020.0,+000.0
78.396178,+100.000,+77.4620,+000.0,+0015.0,+0020.0,+000.0
79.514695,+100.000,+77.4626,+000.0,+0015.0,+0020.0,+000.0
80.584669,+100.000,+77.4626,+000.0,+0015.0,+0020.0,+000.0
81.644570,+100.000,+77.4636,+000.0,+0015.0,+0020.0,+000.0
82.725202,+100.000,+77.4641,+000.0,+0015.0,+0020.0,+000.0
83.795240,+100.000,+77.4639,+000.0,+0015.0,+0020.0,+000.0
84.878875,+100.000,+77.4641,+000.0,+0015.0,+0020.0,+000.0
85.945393,+100.000,+77.4644,+000.0,+0015.0,+0020.0,+000.0
87.005837,+100.000,+77.4647,+000.0,+0015.0,+0020.0,+000.0
88.131880,+100.000,+77.4647,+000.0,+0015.0,+0020.0,+000.0
89.236859,+100.000,+77.4649,+000.0,+0015.0,+0020.0,+000.0
90.296900,+100.000,+77.4656,+000.0,+0015.0,+0020.0,+000.0
91.376492,+100.000,+77.4660,+000.0,+0015.0,+0020.0,+000.0
92.447688,+100.000,+77.4662,+000.0,+0015.0,+0020.0,+000.0
93.517381,+100.000,+77.4662,+000.0,+0015.0,+0020.0,+000.0
94.577846,+100.000,+77.4663,+000.0,+0015.0,+0020.0,+000.0
95.648046,+100.000,+77.4668,+000.0,+0015.0,+0020.0,+000.0
96.717680,+100.000,+77.4675,+000.0,+0015.0,+0020.0,+000.0
97.788360,+100.000,+77.4682,+000.0,+0015.0,+0020.0,+000.0
98.868428,+100.000,+77.4689,+000.0,+0015.0,+0020.0,+000.0
99.938724,+100.000,+77.4687,+000.0,+0015.0,+0020.0,+000.0
101.018272,+100.000,+77.4688,+000.0,+0015.0,+0020.0,+000.0
102.148971,+100.000,+77.4690,+000.0,+0015.0,+0020.0,+000.0
103.239644,+100.000,+77.4692,+000.0,+0015.0,+0020.0,+000.0
104.329367,+100.000,+77.4695,+000.0,+0015.0,+0020.0,+000.0
105.409725,+100.000,+77.4699,+000.0,+0015.0,+0020.0,+000.0
106.479594,+100.000,+77.4701,+000.0,+0015.0,+0020.0,+000.0
107.550507,+100.000,+77.4708,+000.0,+0015.0,+0020.0,+000.0
108.650981,+100.000,+77.4706,+000.0,+0015.0,+0020.0,+000.0
109.790205,+100.000,+77.4710,+000.0,+0015.0,+0020.0,+000.0
110.851152,+100.000,+77.4717,+000.0,+0015.0,+0020.0,+000.0
111.934340,+100.000,+77.4721,+000.0,+0015.0,+0020.0,+000.0
113.011060,+100.000,+77.4718,+000.0,+0015.0,+0020.0,+000.0
114.144408,+100.000,+77.4722,+000.0,+0015.0,+0020.0,+000.0
115.251718,+100.000,+77.4725,+000.0,+0015.0,+0020.0,+000.0
116.332296,+100.000,+77.4732,+000.0,+0015.0,+0020.0,+000.0
117.402621,+100.000,+77.4734,+000.0,+0015.0,+0020.0,+000.0
118.493467,+100.000,+77.4739,+000.0,+0015.0,+0020.0,+000.0
119.613911,+100.000,+77.4744,+000.0,+0015.0,+0020.0,+000.0
120.682574,+100.000,+77.4745,+000.0,+0015.0,+0020.0,+000.0
121.754131,+100.000,+77.4748,+000.0,+0015.0,+0020.0,+000.0
122.832876,+100.000,+77.4749,+000.0,+0015.0,+0020.0,+000.0
123.912895,+100.000,+77.4755,+000.0,+0015.0,+0020.0,+000.0
124.988919,+100.000,+77.4755,+000.0,+0015.0,+0020.0,+000.0
126.093556,+100.000,+77.4760,+000.0,+0015.0,+0020.0,+000.0
127.214217,+100.000,+77.4760,+000.0,+0015.0,+0020.0,+000.0
128.303986,+100.000,+77.4765,+000.0,+0015.0,+0020.0,+000.0
129.431929,+100.000,+77.4762,+000.0,+0015.0,+0020.0,+000.0
130.504778,+100.000,+77.4765,+000.0,+0015.0,+0020.0,+000.0
131.584988,+100.000,+77.4771,+000.0,+0015.0,+0020.0,+000.0
132.655282,+100.000,+77.4774,+000.0,+0015.0,+0020.0,+000.0
133.745883,+100.000,+77.4777,+000.0,+0015.0,+0020.0,+000.0
134.826552,+100.000,+77.4785,+000.0,+0015.0,+0020.0,+000.0
135.906455,+100.000,+77.4784,+000.0,+0015.0,+0020.0,+000.0
136.975713,+100.000,+77.4784,+000.0,+0015.0,+0020.0,+000.0
138.087862,+100.000,+77.4784,+000.0,+0015.0,+0020.0,+000.0
139.211555,+100.000,+77.4787,+000.0,+0015.0,+0020.0,+000.0
140.287090,+100.000,+77.4778,+000.0,+0015.0,+0020.0,+000.0
141.346684,+100.000,+77.4778,+000.0,+0015.0,+0020.0,+000.0
142.427495,+100.000,+77.4784,+000.0,+0015.0,+0020.0,+000.0
143.507748,+100.000,+77.4792,+000.0,+0015.0,+0020.0,+000.0
144.587869,+100.000,+77.4791,+000.0,+0015.0,+0020.0,+000.0
145.678464,+100.000,+77.4791,+000.0,+0015.0,+0020.0,+000.0
146.748956,+100.000,+77.4793,+000.0,+0015.0,+0020.0,+000.0
147.818960,+100.000,+77.4793,+000.0,+0015.0,+0020.0,+000.0
148.888607,+100.000,+77.4791,+000.0,+0015.0,+0020.0,+000.0
149.966168,+100.000,+77.4793,+000.0,+0015.0,+0020.0,+000.0
151.078975,+100.000,+77.4803,+000.0,+0015.0,+0020.0,+000.0
152.199544,+100.000,+77.4795,+000.0,+0015.0,+0020.0,+000.0
153.259731,+100.000,+77.4793,+000.0,+0015.0,+0020.0,+000.0
154.339435,+100.000,+77.4799,+000.0,+0015.0,+0020.0,+000.0
155.422717,+100.000,+77.4799,+000.0,+0015.0,+0020.0,+000.0
156.490523,+100.000,+77.4798,+000.0,+0015.0,+0020.0,+000.0
157.587545,+100.000,+77.4799,+000.0,+0015.0,+0020.0,+000.0
158.681024,+100.000,+77.4802,+000.0,+0015.0,+0020.0,+000.0
159.783663,+100.000,+77.4802,+000.0,+0015.0,+0020.0,+000.0
160.850862,+100.000,+77.4803,+000.0,+0015.0,+0020.0,+000.0
161.931578,+100.000,+77.4806,+000.0,+0015.0,+0020.0,+000.0
163.011718,+100.000,+77.4806,+000.0,+0015.0,+0020.0,+000.0
164.131710,+100.000,+77.4805,+000.0,+0015.0,+0020.0,+000.0
165.253114,+100.000,+77.4800,+000.0,+0015.0,+0020.0,+000.0
166.321998,+100.000,+77.4803,+000.0,+0015.0,+0020.0,+000.0
167.392054,+100.000,+77.4806,+000.0,+0015.0,+0020.0,+000.0
168.482694,+100.000,+77.4807,+000.0,+0015.0,+0020.0,+000.0
169.592676,+100.000,+77.4804,+000.0,+0015.0,+0020.0,+000.0
170.682954,+100.000,+77.4814,+000.0,+0015.0,+0020.0,+000.0
171.753476,+100.000,+77.4820,+000.0,+0015.0,+0020.0,+000.0
172.813957,+100.000,+77.4822,+000.0,+0015.0,+0020.0,+000.0
173.893712,+100.000,+77.4826,+000.0,+0015.0,+0020.0,+000.0
174.964177,+100.000,+77.4825,+000.0,+0015.0,+0020.0,+000.0
176.024659,+100.000,+77.4823,+000.0,+0015.0,+0020.0,+000.0
177.156686,+100.000,+77.4826,+000.0,+0015.0,+0020.0,+000.0
178.264966,+100.000,+77.4831,+000.0,+0015.0,+0020.0,+000.0
179.396015,+100.000,+77.4831,+000.0,+0015.0,+0020.0,+000.0
180.476693,+100.000,+77.4838,+000.0,+0015.0,+0020.0,+000.0
181.546896,+100.000,+77.4839,+000.0,+0015.0,+0020.0,+000.0
182.615821,+100.000,+77.4846,+000.0,+0015.0,+0020.0,+000.0
183.686440,+100.000,+77.4847,+000.0,+0015.0,+0020.0,+000.0
184.757486,+100.000,+77.4850,+000.0,+0015.0,+0020.0,+000.0
185.836103,+100.000,+77.4849,+000.0,+0015.0,+0020.0,+000.0
186.916720,+100.000,+77.4857,+000.0,+0015.0,+0020.0,+000.0
187.986457,+100.000,+77.4855,+000.0,+0015.0,+0020.0,+000.0
189.086980,+100.000,+77.4853,+000.0,+0015.0,+0020.0,+000.0
190.187576,+100.000,+77.4853,+000.0,+0015.0,+0020.0,+000.0
191.257307,+100.000,+77.4853,+000.0,+0015.0,+0020.0,+000.0
192.337586,+100.000,+77.4858,+000.0,+0015.0,+0020.0,+000.0
193.419600,+100.000,+77.4862,+000.0,+0015.0,+0020.0,+000.0
194.498338,+100.000,+77.4865,+000.0,+0015.0,+0020.0,+000.0
195.578952,+100.000,+77.4866,+000.0,+0015.0,+0020.0,+000.0
196.648975,+100.000,+77.4868,+000.0,+0015.0,+0020.0,+000.0
197.728893,+100.000,+77.4870,+000.0,+0015.0,+0020.0,+000.0
198.809361,+100.000,+77.4870,+000.0,+0015.0,+0020.0,+000.0
199.890155,+100.000,+77.4872,+000.0,+0015.0,+0020.0,+000.0
200.961022,+100.000,+77.4876,+000.0,+0015.0,+0020.0,+000.0
202.062784,+100.000,+77.4880,+000.0,+0015.0,+0020.0,+000.0
203.191082,+100.000,+77.4876,+000.0,+0015.0,+0020.0,+000.0
204.281248,+100.000,+77.4884,+000.0,+0015.0,+0020.0,+000.0
205.353303,+100.000,+77.4889,+000.0,+0015.0,+0020.0,+000.0
206.432277,+100.000,+77.4894,+000.0,+0015.0,+0020.0,+000.0
207.515293,+100.000,+77.4898,+000.0,+0015.0,+0020.0,+000.0
208.611313,+100.000,+77.4899,+000.0,+0015.0,+0020.0,+000.0
209.730945,+100.000,+77.4905,+000.0,+0015.0,+0020.0,+000.0
210.811591,+100.000,+77.4905,+000.0,+0015.0,+0020.0,+000.0
211.881612,+100.000,+77.4909,+000.0,+0015.0,+0020.0,+000.0
212.952172,+100.000,+77.4911,+000.0,+0015.0,+0020.0,+000.0
214.043239,+100.000,+77.4911,+000.0,+0015.0,+0020.0,+000.0
215.182667,+100.000,+77.4913,+000.0,+0015.0,+0020.0,+000.0
216.262734,+100.000,+77.4920,+000.0,+0015.0,+0020.0,+000.0
217.343099,+100.000,+77.4920,+000.0,+0015.0,+0020.0,+000.0
218.433246,+100.000,+77.4922,+000.0,+0015.0,+0020.0,+000.0
219.543821,+100.000,+77.4932,+000.0,+0015.0,+0020.0,+000.0
220.623792,+100.000,+77.4928,+000.0,+0015.0,+0020.0,+000.0
221.697177,+100.000,+77.4925,+000.0,+0015.0,+0020.0,+000.0
222.754294,+100.000,+77.4928,+000.0,+0015.0,+0020.0,+000.0
223.834339,+100.000,+77.4931,+000.0,+0015.0,+0020.0,+000.0
224.904671,+100.000,+77.4937,+000.0,+0015.0,+0020.0,+000.0
225.985258,+100.000,+77.4938,+000.0,+0015.0,+0020.0,+000.0
227.067280,+100.000,+77.4942,+000.0,+0015.0,+0020.0,+000.0
228.206937,+100.000,+77.4946,+000.0,+0015.0,+0020.0,+000.0
229.315714,+100.000,+77.4949,+000.0,+0015.0,+0020.0,+000.0
230.395430,+100.000,+77.4957,+000.0,+0015.0,+0020.0,+000.0
231.466553,+100.000,+77.4954,+000.0,+0015.0,+0020.0,+000.0
232.547209,+100.000,+77.4964,+000.0,+0015.0,+0020.0,+000.0
233.626388,+100.000,+77.4965,+000.0,+0015.0,+0020.0,+000.0
234.696436,+100.000,+77.4964,+000.0,+0015.0,+0020.0,+000.0
235.767305,+100.000,+77.4968,+000.0,+0015.0,+0020.0,+000.0
236.846512,+100.000,+77.4975,+000.0,+0015.0,+0020.0,+000.0
237.927581,+100.000,+77.4976,+000.0,+0015.0,+0020.0,+000.0
238.998276,+100.000,+77.4977,+000.0,+0015.0,+0020.0,+000.0
240.107643,+100.000,+77.4987,+000.0,+0015.0,+0020.0,+000.0
241.228149,+100.000,+77.4982,+000.0,+0015.0,+0020.0,+000.0
242.298166,+100.000,+77.4987,+000.0,+0015.0,+0020.0,+000.0
243.368169,+100.000,+77.4994,+000.0,+0015.0,+0020.0,+000.0
244.438166,+100.000,+77.4997,+000.0,+0015.0,+0020.0,+000.0
245.518415,+100.000,+77.4997,+000.0,+0015.0,+0020.0,+000.0
246.599312,+100.000,+77.4994,+000.0,+0015.0,+0020.0,+000.0
247.669988,+100.000,+77.4999,+000.0,+0015.0,+0020.0,+000.0
248.749233,+100.000,+77.5008,+000.0,+0015.0,+0020.0,+000.0
249.819182,+100.000,+77.5010,+000.0,+0015.0,+0020.0,+000.0
250.899415,+100.000,+77.5002,+000.0,+0015.0,+0020.0,+000.0
251.971733,+100.000,+77.5019,+000.0,+0015.0,+0020.0,+000.0
253.060601,+100.000,+77.5020,+000.0,+0015.0,+0020.0,+000.0
254.190629,+100.000,+77.5028,+000.0,+0015.0,+0020.0,+000.0
255.261131,+100.000,+77.5032,+000.0,+0015.0,+0020.0,+000.0
256.340816,+100.000,+77.5027,+000.0,+0015.0,+0020.0,+000.0
257.421201,+100.000,+77.5025,+000.0,+0015.0,+0020.0,+000.0
258.513523,+100.000,+77.5036,+000.0,+0015.0,+0020.0,+000.0
259.622134,+100.000,+77.5046,+000.0,+0015.0,+0020.0,+000.0
260.701901,+100.000,+77.5045,+000.0,+0015.0,+0020.0,+000.0
261.782664,+100.000,+77.5046,+000.0,+0015.0,+0020.0,+000.0
262.852527,+100.000,+77.5046,+000.0,+0015.0,+0020.0,+000.0
263.922650,+100.000,+77.5047,+000.0,+0015.0,+0020.0,+000.0
264.992554,+100.000,+77.5052,+000.0,+0015.0,+0020.0,+000.0
266.073558,+100.000,+77.5054,+000.0,+0015.0,+0020.0,+000.0
267.183674,+100.000,+77.5056,+000.0,+0015.0,+0020.0,+000.0
268.273322,+100.000,+77.5061,+000.0,+0015.0,+0020.0,+000.0
269.393950,+100.000,+77.5067,+000.0,+0015.0,+0020.0,+000.0
270.453840,+100.000,+77.5062,+000.0,+0015.0,+0020.0,+000.0
271.524598,+100.000,+77.5069,+000.0,+0015.0,+0020.0,+000.0
272.597128,+100.000,+77.5065,+000.0,+0015.0,+0020.0,+000.0
273.664806,+100.000,+77.5067,+000.0,+0015.0,+0020.0,+000.0
274.744802,+100.000,+77.5082,+000.0,+0015.0,+0020.0,+000.0
275.824577,+100.000,+77.5086,+000.0,+0015.0,+0020.0,+000.0
276.895179,+100.000,+77.5087,+000.0,+0015.0,+0020.0,+000.0
277.956200,+100.000,+77.5093,+000.0,+0015.0,+0020.0,+000.0
279.045461,+100.000,+77.5094,+000.0,+0015.0,+0020.0,+000.0
280.186077,+100.000,+77.5094,+000.0,+0015.0,+0020.0,+000.0
281.256699,+100.000,+77.5098,+000.0,+0015.0,+0020.0,+000.0
282.336716,+100.000,+77.5101,+000.0,+0015.0,+0020.0,+000.0
283.416362,+100.000,+77.5112,+000.0,+0015.0,+0020.0,+000.0
284.487385,+100.000,+77.5108,+000.0,+0015.0,+0020.0,+000.0
285.546762,+100.000,+77.5113,+000.0,+0015.0,+0020.0,+000.0
286.627409,+100.000,+77.5117,+000.0,+0015.0,+0020.0,+000.0
287.697642,+100.000,+77.5122,+000.0,+0015.0,+0020.0,+000.0
288.768110,+100.000,+77.5123,+000.0,+0015.0,+0020.0,+000.0
289.848130,+100.000,+77.5124,+000.0,+0015.0,+0020.0,+000.0
290.928013,+100.000,+77.5130,+000.0,+0015.0,+0020.0,+000.0
292.000365,+100.000,+77.5126,+000.0,+0015.0,+0020.0,+000.0
293.118800,+100.000,+77.5130,+000.0,+0015.0,+0020.0,+000.0
294.238858,+100.000,+77.5137,+000.0,+0015.0,+0020.0,+000.0
295.321966,+100.000,+77.5143,+000.0,+0015.0,+0020.0,+000.0
296.399878,+100.000,+77.5146,+000.0,+0015.0,+0020.0,+000.0
297.469902,+100.000,+77.5151,+000.0,+0015.0,+0020.0,+000.0
298.569506,+100.000,+77.5146,+000.0,+0015.0,+0020.0,+000.0
299.700418,+100.000,+77.5146,+000.0,+0015.0,+0020.0,+000.0
300.764066,+100.000,+77.5152,+000.0,+0015.0,+0020.0,+000.0
301.840666,+100.000,+77.5157,+000.0,+0015.0,+0020.0,+000.0
302.920681,+100.000,+77.5156,+000.0,+0015.0,+0020.0,+000.0
304.001354,+100.000,+77.5167,+000.0,+0015.0,+0020.0,+000.0
305.111131,+100.000,+77.5170,+000.0,+0015.0,+0020.0,+000.0
306.231124,+100.000,+77.5172,+000.0,+0015.0,+0020.0,+000.0
307.311500,+100.000,+77.5175,+000.0,+0015.0,+0020.0,+000.0
308.411757,+100.000,+77.5181,+000.0,+0015.0,+0020.0,+000.0
309.531687,+100.000,+77.5187,+000.0,+0015.0,+0020.0,+000.0
310.602725,+100.000,+77.5189,+000.0,+0015.0,+0020.0,+000.0
311.672982,+100.000,+77.5190,+000.0,+0015.0,+0020.0,+000.0
312.753282,+100.000,+77.5190,+000.0,+0015.0,+0020.0,+000.0
313.843462,+100.000,+77.5195,+000.0,+0015.0,+0020.0,+000.0
314.923543,+100.000,+77.5196,+000.0,+0015.0,+0020.0,+000.0
315.993181,+100.000,+77.5200,+000.0,+0015.0,+0020.0,+000.0
317.094197,+100.000,+77.5202,+000.0,+0015.0,+0020.0,+000.0
318.224018,+100.000,+77.5209,+000.0,+0015.0,+0020.0,+000.0
319.354985,+100.000,+77.5209,+000.0,+0015.0,+0020.0,+000.0
320.424768,+100.000,+77.5207,+000.0,+0015.0,+0020.0,+000.0
321.504151,+100.000,+77.5214,+000.0,+0015.0,+0020.0,+000.0
322.574874,+100.000,+77.5222,+000.0,+0015.0,+0020.0,+000.0
323.654982,+100.000,+77.5220,+000.0,+0015.0,+0020.0,+000.0
324.740230,+100.000,+77.5225,+000.0,+0015.0,+0020.0,+000.0
325.835280,+100.000,+77.5227,+000.0,+0015.0,+0020.0,+000.0
326.916239,+100.000,+77.5229,+000.0,+0015.0,+0020.0,+000.0
328.006079,+100.000,+77.5227,+000.0,+0015.0,+0020.0,+000.0
329.125898,+100.000,+77.5238,+000.0,+0015.0,+0020.0,+000.0
330.247054,+100.000,+77.5240,+000.0,+0015.0,+0020.0,+000.0
331.316760,+100.000,+77.5237,+000.0,+0015.0,+0020.0,+000.0
332.397092,+100.000,+77.5241,+000.0,+0015.0,+0020.0,+000.0
333.467125,+100.000,+77.5248,+000.0,+0015.0,+0020.0,+000.0
334.547876,+100.000,+77.5249,+000.0,+0015.0,+0020.0,+000.0
335.627269,+100.000,+77.5257,+000.0,+0015.0,+0020.0,+000.0
336.707236,+100.000,+77.5249,+000.0,+0015.0,+0020.0,+000.0
337.767896,+100.000,+77.5256,+000.0,+0015.0,+0020.0,+000.0
338.858723,+100.000,+77.5256,+000.0,+0015.0,+0020.0,+000.0
339.918554,+100.000,+77.5262,+000.0,+0015.0,+0020.0,+000.0
340.998576,+100.000,+77.5266,+000.0,+0015.0,+0020.0,+000.0
342.108616,+100.000,+77.5271,+000.0,+0015.0,+0020.0,+000.0
343.219517,+100.000,+77.5278,+000.0,+0015.0,+0020.0,+000.0
344.299544,+100.000,+77.5288,+000.0,+0015.0,+0020.0,+000.0
345.370428,+100.000,+77.5285,+000.0,+0015.0,+0020.0,+000.0
346.430100,+100.000,+77.5288,+000.0,+0015.0,+0020.0,+000.0
347.500390,+100.000,+77.5290,+000.0,+0015.0,+0020.0,+000.0
348.582776,+100.000,+77.5290,+000.0,+0015.0,+0020.0,+000.0
349.691261,+100.000,+77.5292,+000.0,+0015.0,+0020.0,+000.0
350.750667,+100.000,+77.5296,+000.0,+0015.0,+0020.0,+000.0
351.830721,+100.000,+77.5306,+000.0,+0015.0,+0020.0,+000.0
352.901015,+100.000,+77.5311,+000.0,+0015.0,+0020.0,+000.0
353.961507,+100.000,+77.5311,+000.0,+0015.0,+0020.0,+000.0
355.032403,+100.000,+77.5310,+000.0,+0015.0,+0020.0,+000.0
356.162067,+100.000,+77.5319,+000.0,+0015.0,+0020.0,+000.0
357.242301,+100.000,+77.5318,+000.0,+0015.0,+0020.0,+000.0
358.322073,+100.000,+77.5321,+000.0,+0015.0,+0020.0,+000.0
359.432512,+100.000,+77.5323,+000.0,+0015.0,+0020.0,+000.0
360.512388,+100.000,+77.5327,+000.0,+0015.0,+0020.0,+000.0
361.593126,+100.000,+77.5330,+000.0,+0015.0,+0020.0,+000.0
362.674536,+100.000,+77.5333,+000.0,+0015.0,+0020.0,+000.0
363.756483,+100.000,+77.5336,+000.0,+0015.0,+0020.0,+000.0
364.833155,+100.000,+77.5338,+000.0,+0015.0,+0020.0,+000.0
365.903222,+100.000,+77.5338,+000.0,+0015.0,+0020.0,+000.0
366.973901,+100.000,+77.5337,+000.0,+0015.0,+0020.0,+000.0
368.104546,+100.000,+77.5344,+000.0,+0015.0,+0020.0,+000.0
369.224532,+100.000,+77.5351,+000.0,+0015.0,+0020.0,+000.0
370.295180,+100.000,+77.5356,+000.0,+0015.0,+0020.0,+000.0
371.374963,+100.000,+77.5353,+000.0,+0015.0,+0020.0,+000.0
372.455065,+100.000,+77.5355,+000.0,+0015.0,+0020.0,+000.0
373.537148,+100.000,+77.5357,+000.0,+0015.0,+0020.0,+000.0
374.605765,+100.000,+77.5366,+000.0,+0015.0,+0020.0,+000.0
375.675896,+100.000,+77.5361,+000.0,+0015.0,+0020.0,+000.0
376.755781,+100.000,+77.5367,+000.0,+0015.0,+0020.0,+000.0
377.836765,+100.000,+77.5377,+000.0,+0015.0,+0020.0,+000.0
378.906681,+100.000,+77.5382,+000.0,+0015.0,+0020.0,+000.0
379.966743,+100.000,+77.5377,+000.0,+0015.0,+0020.0,+000.0
381.067307,+100.000,+77.5389,+000.0,+0015.0,+0020.0,+000.0
382.197571,+100.000,+77.5384,+000.0,+0015.0,+0020.0,+000.0
383.267941,+100.000,+77.5385,+000.0,+0015.0,+0020.0,+000.0
384.347924,+100.000,+77.5391,+000.0,+0015.0,+0020.0,+000.0
385.428028,+100.000,+77.5391,+000.0,+0015.0,+0020.0,+000.0
386.498078,+100.000,+77.5390,+000.0,+0015.0,+0020.0,+000.0
387.578722,+100.000,+77.5400,+000.0,+0015.0,+0020.0,+000.0
388.668157,+100.000,+77.5398,+000.0,+0015.0,+0020.0,+000.0
389.779207,+100.000,+77.5402,+000.0,+0015.0,+0020.0,+000.0
390.864988,+100.000,+77.5403,+000.0,+0015.0,+0020.0,+000.0
391.941977,+100.000,+77.5415,+000.0,+0015.0,+0020.0,+000.0
393.009471,+100.000,+77.5415,+000.0,+0015.0,+0020.0,+000.0
394.129898,+100.000,+77.5417,+000.0,+0015.0,+0020.0,+000.0
395.250047,+100.000,+77.5419,+000.0,+0015.0,+0020.0,+000.0
396.329826,+100.000,+77.5413,+000.0,+0015.0,+0020.0,+000.0
397.410622,+100.000,+77.5414,+000.0,+0015.0,+0020.0,+000.0
398.500180,+100.000,+77.5421,+000.0,+0015.0,+0020.0,+000.0
399.611123,+100.000,+77.5426,+000.0,+0015.0,+0020.0,+000.0
400.681241,+100.000,+77.5428,+000.0,+0015.0,+0020.0,+000.0
401.761577,+100.000,+77.5433,+000.0,+0015.0,+0020.0,+000.0
402.841958,+100.000,+77.5440,+000.0,+0015.0,+0020.0,+000.0
403.911703,+100.000,+77.5447,+000.0,+0015.0,+0020.0,+000.0
405.002280,+100.000,+77.5443,+000.0,+0015.0,+0020.0,+000.0
406.102679,+100.000,+77.5448,+000.0,+0015.0,+0020.0,+000.0
407.212482,+100.000,+77.5452,+000.0,+0015.0,+0020.0,+000.0
408.315196,+100.000,+77.5454,+000.0,+0015.0,+0020.0,+000.0
409.423002,+100.000,+77.5457,+000.0,+0015.0,+0020.0,+000.0
410.503147,+100.000,+77.5461,+000.0,+0015.0,+0020.0,+000.0
411.573280,+100.000,+77.5459,+000.0,+0015.0,+0020.0,+000.0
412.654094,+100.000,+77.5463,+000.0,+0015.0,+0020.0,+000.0
413.733650,+100.000,+77.5465,+000.0,+0015.0,+0020.0,+000.0
414.815242,+100.000,+77.5470,+000.0,+0015.0,+0020.0,+000.0
415.885717,+100.000,+77.5472,+000.0,+0015.0,+0020.0,+000.0
416.964641,+100.000,+77.5477,+000.0,+0015.0,+0020.0,+000.0
418.034615,+100.000,+77.5481,+000.0,+0015.0,+0020.0,+000.0
419.174796,+100.000,+77.5476,+000.0,+0015.0,+0020.0,+000.0
420.254865,+100.000,+77.5476,+000.0,+0015.0,+0020.0,+000.0
421.335219,+100.000,+77.5480,+000.0,+0015.0,+0020.0,+000.0
422.415171,+100.000,+77.5490,+000.0,+0015.0,+0020.0,+000.0
423.486082,+100.000,+77.5487,+000.0,+0015.0,+0020.0,+000.0
424.566009,+100.000,+77.5488,+000.0,+0015.0,+0020.0,+000.0
425.626693,+100.000,+77.5498,+000.0,+0015.0,+0020.0,+000.0
426.717550,+100.000,+77.5507,+000.0,+0015.0,+0020.0,+000.0
427.790234,+100.000,+77.5513,+000.0,+0015.0,+0020.0,+000.0
428.866626,+100.000,+77.5514,+000.0,+0015.0,+0020.0,+000.0
429.948055,+100.000,+77.5511,+000.0,+0015.0,+0020.0,+000.0
431.017723,+100.000,+77.5512,+000.0,+0015.0,+0020.0,+000.0
432.138029,+100.000,+77.5509,+000.0,+0015.0,+0020.0,+000.0
433.237526,+100.000,+77.5521,+000.0,+0015.0,+0020.0,+000.0
434.318189,+100.000,+77.5521,+000.0,+0015.0,+0020.0,+000.0
435.388636,+100.000,+77.5520,+000.0,+0015.0,+0020.0,+000.0
436.448898,+100.000,+77.5528,+000.0,+0015.0,+0020.0,+000.0
437.518914,+100.000,+77.5533,+000.0,+0015.0,+0020.0,+000.0
438.598711,+100.000,+77.5531,+000.0,+0015.0,+0020.0,+000.0
439.709467,+100.000,+77.5528,+000.0,+0015.0,+0020.0,+000.0
440.769754,+100.000,+77.5542,+000.0,+0015.0,+0020.0,+000.0
441.839486,+100.000,+77.5536,+000.0,+0015.0,+0020.0,+000.0
442.910228,+100.000,+77.5549,+000.0,+0015.0,+0020.0,+000.0
443.990433,+100.000,+77.5560,+000.0,+0015.0,+0020.0,+000.0
445.070654,+100.000,+77.5564,+000.0,+0015.0,+0020.0,+000.0
446.180314,+100.000,+77.5558,+000.0,+0015.0,+0020.0,+000.0
447.261019,+100.000,+77.5555,+000.0,+0015.0,+0020.0,+000.0
448.352720,+100.000,+77.5565,+000.0,+0015.0,+0020.0,+000.0
449.475794,+100.000,+77.5573,+000.0,+0015.0,+0020.0,+000.0
450.551867,+100.000,+77.5577,+000.0,+0015.0,+0020.0,+000.0
451.633193,+100.000,+77.5574,+000.0,+0015.0,+0020.0,+000.0
452.701904,+100.000,+77.5573,+000.0,+0015.0,+0020.0,+000.0
453.771767,+100.000,+77.5575,+000.0,+0015.0,+0020.0,+000.0
454.852582,+100.000,+77.5584,+000.0,+0015.0,+0020.0,+000.0
455.942475,+100.000,+77.5592,+000.0,+0015.0,+0020.0,+000.0
457.012549,+100.000,+77.5589,+000.0,+0015.0,+0020.0,+000.0
458.123125,+100.000,+77.5589,+000.0,+0015.0,+0020.0,+000.0
459.243021,+100.000,+77.5595,+000.0,+0015.0,+0020.0,+000.0
460.323642,+100.000,+77.5601,+000.0,+0015.0,+0020.0,+000.0
461.403407,+100.000,+77.5601,+000.0,+0015.0,+0020.0,+000.0
462.483935,+100.000,+77.5598,+000.0,+0015.0,+0020.0,+000.0
463.563929,+100.000,+77.5598,+000.0,+0015.0,+0020.0,+000.0
464.644774,+100.000,+77.5601,+000.0,+0015.0,+0020.0,+000.0
465.714584,+100.000,+77.5608,+000.0,+0015.0,+0020.0,+000.0
466.774510,+100.000,+77.5612,+000.0,+0015.0,+0020.0,+000.0
467.855442,+100.000,+77.5603,+000.0,+0015.0,+0020.0,+000.0
468.937528,+100.000,+77.5606,+000.0,+0015.0,+0020.0,+000.0
470.021245,+100.000,+77.5605,+000.0,+0015.0,+0020.0,+000.0
471.145904,+100.000,+77.5612,+000.0,+0015.0,+0020.0,+000.0
472.256143,+100.000,+77.5616,+000.0,+0015.0,+0020.0,+000.0
473.346339,+100.000,+77.5617,+000.0,+0015.0,+0020.0,+000.0
474.416561,+100.000,+77.5621,+000.0,+0015.0,+0020.0,+000.0
475.506352,+100.000,+77.5636,+000.0,+0015.0,+0020.0,+000.0
476.566333,+100.000,+77.5636,+000.0,+0015.0,+0020.0,+000.0
477.646977,+100.000,+77.5624,+000.0,+0015.0,+0020.0,+000.0
478.717863,+100.000,+77.5635,+000.0,+0015.0,+0020.0,+000.0
479.787714,+100.000,+77.5643,+000.0,+0015.0,+0020.0,+000.0
480.867203,+100.000,+77.5638,+000.0,+0015.0,+0020.0,+000.0
481.948100,+100.000,+77.5646,+000.0,+0015.0,+0020.0,+000.0
483.018467,+100.000,+77.5643,+000.0,+0015.0,+0020.0,+000.0
484.143990,+100.000,+77.5643,+000.0,+0015.0,+0020.0,+000.0
485.259152,+100.000,+77.5657,+000.0,+0015.0,+0020.0,+000.0
486.340356,+100.000,+77.5656,+000.0,+0015.0,+0020.0,+000.0
487.419497,+100.000,+77.5646,+000.0,+0015.0,+0020.0,+000.0
488.519685,+100.000,+77.5658,+000.0,+0015.0,+0020.0,+000.0
489.630621,+100.000,+77.5667,+000.0,+0015.0,+0020.0,+000.0
490.710009,+100.000,+77.5662,+000.0,+0015.0,+0020.0,+000.0
491.779504,+100.000,+77.5669,+000.0,+0015.0,+0020.0,+000.0
492.860285,+100.000,+77.5678,+000.0,+0015.0,+0020.0,+000.0
493.940813,+100.000,+77.5678,+000.0,+0015.0,+0020.0,+000.0
495.020234,+100.000,+77.5680,+000.0,+0015.0,+0020.0,+000.0
496.140572,+100.000,+77.5679,+000.0,+0015.0,+0020.0,+000.0
497.262009,+100.000,+77.5678,+000.0,+0015.0,+0020.0,+000.0
498.361619,+100.000,+77.5684,+000.0,+0015.0,+0020.0,+000.0
499.481514,+100.000,+77.5683,+000.0,+0015.0,+0020.0,+000.0
500.562173,+100.000,+77.5689,+000.0,+0015.0,+0020.0,+000.0
501.642600,+100.000,+77.5687,+000.0,+0015.0,+0020.0,+000.0
502.722608,+100.000,+77.5690,+000.0,+0015.0,+0020.0,+000.0
503.791927,+100.000,+77.5697,+000.0,+0015.0,+0020.0,+000.0
504.873691,+100.000,+77.5702,+000.0,+0015.0,+0020.0,+000.0
505.963360,+100.000,+77.5709,+000.0,+0015.0,+0020.0,+000.0
507.053662,+100.000,+77.5704,+000.0,+0015.0,+0020.0,+000.0
508.203418,+100.000,+77.5705,+000.0,+0015.0,+0020.0,+000.0
509.324970,+100.000,+77.5706,+000.0,+0015.0,+0020.0,+000.0
510.383608,+100.000,+77.5709,+000.0,+0015.0,+0020.0,+000.0
511.464029,+100.000,+77.5715,+000.0,+0015.0,+0020.0,+000.0
512.555020,+100.000,+77.5716,+000.0,+0015.0,+0020.0,+000.0
513.634039,+100.000,+77.5726,+000.0,+0015.0,+0020.0,+000.0
514.726015,+100.000,+77.5726,+000.0,+0015.0,+0020.0,+000.0
515.795077,+100.000,+77.5730,+000.0,+0015.0,+0020.0,+000.0
516.875527,+100.000,+77.5728,+000.0,+0015.0,+0020.0,+000.0
517.955806,+100.000,+77.5728,+000.0,+0015.0,+0020.0,+000.0
519.041033,+100.000,+77.5724,+000.0,+0015.0,+0020.0,+000.0
520.157099,+100.000,+77.5730,+000.0,+0015.0,+0020.0,+000.0
521.258650,+100.000,+77.5735,+000.0,+0015.0,+0020.0,+000.0
522.345985,+100.000,+77.5741,+000.0,+0015.0,+0020.0,+000.0
523.427189,+100.000,+77.5739,+000.0,+0015.0,+0020.0,+000.0
524.496827,+100.000,+77.5752,+000.0,+0015.0,+0020.0,+000.0
525.577250,+100.000,+77.5756,+000.0,+0015.0,+0020.0,+000.0
526.647738,+100.000,+77.5750,+000.0,+0015.0,+0020.0,+000.0
527.717678,+100.000,+77.5756,+000.0,+0015.0,+0020.0,+000.0
528.779763,+100.000,+77.5757,+000.0,+0015.0,+0020.0,+000.0
529.857421,+100.000,+77.5764,+000.0,+0015.0,+0020.0,+000.0
530.928570,+100.000,+77.5768,+000.0,+0015.0,+0020.0,+000.0
532.009145,+100.000,+77.5774,+000.0,+0015.0,+0020.0,+000.0
533.118226,+100.000,+77.5783,+000.0,+0015.0,+0020.0,+000.0
534.228574,+100.000,+77.5776,+000.0,+0015.0,+0020.0,+000.0
535.308987,+100.000,+77.5782,+000.0,+0015.0,+0020.0,+000.0
536.379615,+100.000,+77.5783,+000.0,+0015.0,+0020.0,+000.0
537.461559,+100.000,+77.5783,+000.0,+0015.0,+0020.0,+000.0
538.559158,+100.000,+77.5786,+000.0,+0015.0,+0020.0,+000.0
539.679789,+100.000,+77.5787,+000.0,+0015.0,+0020.0,+000.0
540.760403,+100.000,+77.5782,+000.0,+0015.0,+0020.0,+000.0
541.830505,+100.000,+77.5795,+000.0,+0015.0,+0020.0,+000.0
542.910215,+100.000,+77.5789,+000.0,+0015.0,+0020.0,+000.0
543.991605,+100.000,+77.5792,+000.0,+0015.0,+0020.0,+000.0
545.113054,+100.000,+77.5798,+000.0,+0015.0,+0020.0,+000.0
546.231099,+100.000,+77.5795,+000.0,+0015.0,+0020.0,+000.0
547.322870,+100.000,+77.5800,+000.0,+0015.0,+0020.0,+000.0
548.411786,+100.000,+77.5804,+000.0,+0015.0,+0020.0,+000.0
549.522357,+100.000,+77.5812,+000.0,+0015.0,+0020.0,+000.0
550.582722,+100.000,+77.5823,+000.0,+0015.0,+0020.0,+000.0
551.669550,+100.000,+77.5822,+000.0,+0015.0,+0020.0,+000.0
552.742546,+100.000,+77.5817,+000.0,+0015.0,+0020.0,+000.0
553.823089,+100.000,+77.5826,+000.0,+0015.0,+0020.0,+000.0
554.883221,+100.000,+77.5823,+000.0,+0015.0,+0020.0,+000.0
555.962828,+100.000,+77.5826,+000.0,+0015.0,+0020.0,+000.0
557.053695,+100.000,+77.5822,+000.0,+0015.0,+0020.0,+000.0
558.184159,+100.000,+77.5830,+000.0,+0015.0,+0020.0,+000.0
559.294320,+100.000,+77.5846,+000.0,+0015.0,+0020.0,+000.0
560.384092,+100.000,+77.5849,+000.0,+0015.0,+0020.0,+000.0
561.464273,+100.000,+77.5849,+000.0,+0015.0,+0020.0,+000.0
562.544794,+100.000,+77.5852,+000.0,+0015.0,+0020.0,+000.0
563.615201,+100.000,+77.5853,+000.0,+0015.0,+0020.0,+000.0
564.684847,+100.000,+77.5853,+000.0,+0015.0,+0020.0,+000.0
565.775285,+100.000,+77.5855,+000.0,+0015.0,+0020.0,+000.0
566.855925,+100.000,+77.5860,+000.0,+0015.0,+0020.0,+000.0
567.926302,+100.000,+77.5860,+000.0,+0015.0,+0020.0,+000.0
568.986449,+100.000,+77.5868,+000.0,+0015.0,+0020.0,+000.0
570.086094,+100.000,+77.5878,+000.0,+0015.0,+0020.0,+000.0
571.226428,+100.000,+77.5870,+000.0,+0015.0,+0020.0,+000.0
572.297147,+100.000,+77.5874,+000.0,+0015.0,+0020.0,+000.0
573.377353,+100.000,+77.5870,+000.0,+0015.0,+0020.0,+000.0
574.460234,+100.000,+77.5871,+000.0,+0015.0,+0020.0,+000.0
575.557837,+100.000,+77.5875,+000.0,+0015.0,+0020.0,+000.0
576.627764,+100.000,+77.5888,+000.0,+0015.0,+0020.0,+000.0
577.698134,+100.000,+77.5881,+000.0,+0015.0,+0020.0,+000.0
578.777977,+100.000,+77.5883,+000.0,+0015.0,+0020.0,+000.0
579.858686,+100.000,+77.5889,+000.0,+0015.0,+0020.0,+000.0
580.928985,+100.000,+77.5894,+000.0,+0015.0,+0020.0,+000.0
582.020695,+100.000,+77.5893,+000.0,+0015.0,+0020.0,+000.0
583.138782,+100.000,+77.5889,+000.0,+0015.0,+0020.0,+000.0
584.264480,+100.000,+77.5896,+000.0,+0015.0,+0020.0,+000.0
585.349859,+100.000,+77.5901,+000.0,+0015.0,+0020.0,+000.0
586.429618,+100.000,+77.5910,+000.0,+0015.0,+0020.0,+000.0
587.500069,+100.000,+77.5910,+000.0,+0015.0,+0020.0,+000.0
588.600140,+100.000,+77.5910,+000.0,+0015.0,+0020.0,+000.0
589.730101,+100.000,+77.5911,+000.0,+0015.0,+0020.0,+000.0
590.800715,+100.000,+77.5916,+000.0,+0015.0,+0020.0,+000.0
591.890823,+100.000,+77.5914,+000.0,+0015.0,+0020.0,+000.0
592.971417,+100.000,+77.5921,+000.0,+0015.0,+0020.0,+000.0
594.071261,+100.000,+77.5927,+000.0,+0015.0,+0020.0,+000.0
595.201400,+100.000,+77.5931,+000.0,+0015.0,+0020.0,+000.0
596.272095,+100.000,+77.5937,+000.0,+0015.0,+0020.0,+000.0
597.352250,+100.000,+77.5937,+000.0,+0015.0,+0020.0,+000.0
598.441954,+100.000,+77.5937,+000.0,+0015.0,+0020.0,+000.0
599.562541,+100.000,+77.5935,+000.0,+0015.0,+0020.0,+000.0
600.622682,+100.000,+77.5937,+000.0,+0015.0,+0020.0,+000.0
601.692988,+100.000,+77.5936,+000.0,+0015.0,+0020.0,+000.0
602.773331,+100.000,+77.5940,+000.0,+0015.0,+0020.0,+000.0
603.853456,+100.000,+77.5940,+000.0,+0015.0,+0020.0,+000.0
604.933280,+100.000,+77.5941,+000.0,+0015.0,+0020.0,+000.0
606.005128,+100.000,+77.5954,+000.0,+0015.0,+0020.0,+000.0
607.093918,+100.000,+77.5957,+000.0,+0015.0,+0020.0,+000.0
608.217990,+100.000,+77.5956,+000.0,+0015.0,+0020.0,+000.0
609.334524,+100.000,+77.5956,+000.0,+0015.0,+0020.0,+000.0
610.404681,+100.000,+77.5955,+000.0,+0015.0,+0020.0,+000.0
611.476394,+100.000,+77.5966,+000.0,+0015.0,+0020.0,+000.0
612.555058,+100.000,+77.5966,+000.0,+0015.0,+0020.0,+000.0
613.625099,+100.000,+77.5970,+000.0,+0015.0,+0020.0,+000.0
614.696592,+100.000,+77.5975,+000.0,+0015.0,+0020.0,+000.0
615.775834,+100.000,+77.5975,+000.0,+0015.0,+0020.0,+000.0
616.861581,+100.000,+77.5978,+000.0,+0015.0,+0020.0,+000.0
617.955700,+100.000,+77.5978,+000.0,+0015.0,+0020.0,+000.0
619.035194,+100.000,+77.5981,+000.0,+0015.0,+0020.0,+000.0
620.176706,+100.000,+77.5995,+000.0,+0015.0,+0020.0,+000.0
621.257233,+100.000,+77.6001,+000.0,+0015.0,+0020.0,+000.0
622.340553,+100.000,+77.5997,+000.0,+0015.0,+0020.0,+000.0
623.429354,+100.000,+77.5995,+000.0,+0015.0,+0020.0,+000.0
624.497729,+100.000,+77.5993,+000.0,+0015.0,+0020.0,+000.0
625.577328,+100.000,+77.5990,+000.0,+0015.0,+0020.0,+000.0
626.648408,+100.000,+77.6000,+000.0,+0015.0,+0020.0,+000.0
627.718356,+100.000,+77.6007,+000.0,+0015.0,+0020.0,+000.0
628.789447,+100.000,+77.6011,+000.0,+0015.0,+0020.0,+000.0
629.868419,+100.000,+77.6017,+000.0,+0015.0,+0020.0,+000.0
630.938898,+100.000,+77.6014,+000.0,+0015.0,+0020.0,+000.0
632.018861,+100.000,+77.6065,+056.9,+0015.0,+0020.0,+000.0
633.139096,+100.000,+77.6485,+058.0,+0015.0,+0020.0,+000.0
634.259006,+100.000,+77.7361,+058.9,+0015.0,+0020.0,+000.0
635.329355,+100.000,+77.8433,+059.9,+0015.0,+0020.0,+000.0
636.390378,+100.000,+77.9333,+060.9,+0015.0,+0020.0,+000.0
637.470680,+100.000,+77.9995,+061.8,+0015.0,+0020.0,+000.0
638.560354,+100.000,+78.0601,+063.0,+0015.0,+0020.0,+000.0
639.680170,+100.000,+78.1110,+064.1,+0015.0,+0020.0,+000.0
640.783167,+100.000,+78.1446,+065.2,+0015.0,+0020.0,+000.0
641.868220,+100.000,+78.1854,+066.3,+0015.0,+0020.0,+000.0
642.952027,+100.000,+78.2160,+067.4,+0015.0,+0020.0,+000.0
644.057045,+100.000,+78.2438,+068.6,+0015.0,+0020.0,+000.0
645.182570,+100.000,+78.2660,+069.8,+0015.0,+0020.0,+000.0
646.271800,+100.000,+78.2767,+071.0,+0015.0,+0020.0,+000.0
647.382591,+100.000,+78.2906,+072.1,+0015.0,+0020.0,+000.0
648.503707,+100.000,+78.3031,+073.3,+0015.0,+0020.0,+000.0
649.650756,+100.000,+78.3103,+074.4,+0015.0,+0020.0,+000.0
650.744889,+100.000,+78.3562,+075.5,+0015.0,+0020.0,+000.0
651.840359,+100.000,+78.3938,+076.6,+0015.0,+0020.0,+000.0
652.935713,+100.000,+78.4273,+077.7,+0015.0,+0020.0,+000.0
654.062967,+100.000,+78.4526,+078.9,+0015.0,+0020.0,+000.0
655.202514,+100.000,+78.4769,+080.0,+0015.0,+0020.0,+000.0
656.307649,+100.000,+78.4995,+081.2,+0015.0,+0020.0,+000.0
657.437616,+100.000,+78.5212,+082.3,+0015.0,+0020.0,+000.0
658.556326,+100.000,+78.5485,+083.5,+0015.0,+0020.0,+000.0
659.686028,+100.000,+78.5603,+084.7,+0015.0,+0020.0,+000.0
660.757045,+100.000,+78.5782,+085.7,+0015.0,+0020.0,+000.0
661.836270,+100.000,+78.5974,+086.8,+0015.0,+0020.0,+000.0
662.905593,+100.000,+78.6085,+088.0,+0015.0,+0020.0,+000.0
663.995826,+100.000,+78.6356,+089.1,+0015.0,+0020.0,+000.0
665.105909,+100.000,+78.6434,+090.2,+0015.0,+0020.0,+000.0
666.226358,+100.000,+78.6601,+091.3,+0015.0,+0020.0,+000.0
667.296348,+100.000,+78.6855,+092.5,+0015.0,+0020.0,+000.0
668.396203,+100.000,+78.6988,+093.6,+0015.0,+0020.0,+000.0
669.506899,+100.000,+78.7111,+094.7,+0015.0,+0020.0,+000.0
670.601385,+100.000,+78.7273,+095.9,+0015.0,+0020.0,+000.0
671.697427,+100.000,+78.7370,+097.0,+0015.0,+0020.0,+000.0
672.777717,+100.000,+78.7521,+098.1,+0015.0,+0020.0,+000.0
673.858402,+100.000,+78.7712,+099.2,+0015.0,+0020.0,+000.0
674.937752,+100.000,+78.7877,+100.0,+0015.0,+0020.0,+000.0
675.998421,+100.000,+78.8047,+100.0,+0015.0,+0020.0,+000.0
677.098256,+100.000,+78.8186,+100.0,+0015.0,+0020.0,+000.0
678.248410,+100.000,+78.8209,+100.0,+0015.0,+0020.0,+000.0
679.368754,+100.000,+78.8276,+100.0,+0015.0,+0020.0,+000.0
680.439520,+100.000,+78.8449,+100.0,+0015.0,+0020.0,+000.0
681.529828,+100.000,+78.8464,+100.0,+0015.0,+0020.0,+000.0
682.590848,+100.000,+78.8486,+100.0,+0015.0,+0020.0,+000.0
683.659462,+100.000,+78.8595,+100.0,+0015.0,+0020.0,+000.0
684.739570,+100.000,+78.8637,+100.0,+0015.0,+0020.0,+000.0
685.801169,+100.000,+78.8666,+100.0,+0015.0,+0020.0,+000.0
686.892200,+100.000,+78.8714,+100.0,+0015.0,+0020.0,+000.0
688.005562,+100.000,+78.8725,+100.0,+0015.0,+0020.0,+000.0
689.151077,+100.000,+78.8742,+100.0,+0015.0,+0020.0,+000.0
690.260779,+100.000,+78.8790,+100.0,+0015.0,+0020.0,+000.0
691.342273,+100.000,+78.8803,+100.0,+0015.0,+0020.0,+000.0
692.411942,+100.000,+78.8856,+100.0,+0015.0,+0020.0,+000.0
693.481737,+100.000,+78.8887,+100.0,+0015.0,+0020.0,+000.0
694.562689,+100.000,+78.8846,+100.0,+0015.0,+0020.0,+000.0
695.632304,+100.000,+78.8917,+100.0,+0015.0,+0020.0,+000.0
696.693032,+100.000,+78.8957,+100.0,+0015.0,+0020.0,+000.0
697.763099,+100.000,+78.9022,+100.0,+0015.0,+0020.0,+000.0
698.849811,+100.000,+78.8965,+100.0,+0015.0,+0020.0,+000.0
699.924254,+100.000,+78.9014,+100.0,+0015.0,+0020.0,+000.0
700.985893,+100.000,+78.9037,+100.0,+0015.0,+0020.0,+000.0
702.073440,+100.000,+78.9115,+100.0,+0015.0,+0020.0,+000.0
703.193968,+100.000,+78.9218,+100.0,+0015.0,+0020.0,+000.0
704.274116,+100.000,+78.9244,+100.0,+0015.0,+0020.0,+000.0
705.364379,+100.000,+78.9228,+100.0,+0015.0,+0020.0,+000.0
706.435058,+100.000,+78.9236,+100.0,+0015.0,+0020.0,+000.0
707.505079,+100.000,+78.9195,+100.0,+0015.0,+0020.0,+000.0
708.585388,+100.000,+78.9322,+100.0,+0015.0,+0020.0,+000.0
709.707410,+100.000,+78.9322,+100.0,+0015.0,+0020.0,+000.0
710.785951,+100.000,+78.9348,+100.0,+0015.0,+0020.0,+000.0
711.865835,+100.000,+78.9285,+100.0,+0015.0,+0020.0,+000.0
712.936022,+100.000,+78.9434,+100.0,+0015.0,+0020.0,+000.0
714.026158,+100.000,+78.9401,+100.0,+0015.0,+0020.0,+000.0
715.146469,+100.000,+78.9384,+100.0,+0015.0,+0020.0,+000.0
716.246558,+100.000,+78.9380,+100.0,+0015.0,+0020.0,+000.0
717.327219,+100.000,+78.9396,+100.0,+0015.0,+0020.0,+000.0
718.427422,+100.000,+78.9461,+100.0,+0015.0,+0020.0,+000.0
719.537908,+100.000,+78.9516,+100.0,+0015.0,+0020.0,+000.0
720.607604,+100.000,+78.9510,+100.0,+0015.0,+0020.0,+000.0
721.688056,+100.000,+78.9424,+100.0,+0015.0,+0020.0,+000.0
722.768341,+100.000,+78.9471,+100.0,+0015.0,+0020.0,+000.0
723.837735,+100.000,+78.9520,+100.0,+0015.0,+0020.0,+000.0
724.908474,+100.000,+78.9534,+100.0,+0015.0,+0020.0,+000.0
725.988611,+100.000,+78.9509,+100.0,+0015.0,+0020.0,+000.0
727.098652,+100.000,+78.9512,+100.0,+0015.0,+0020.0,+000.0
728.239594,+100.000,+78.9519,+100.0,+0015.0,+0020.0,+000.0
729.349295,+100.000,+78.9506,+100.0,+0015.0,+0020.0,+000.0
730.429352,+100.000,+78.9550,+100.0,+0015.0,+0020.0,+000.0
731.499808,+100.000,+78.9549,+100.0,+0015.0,+0020.0,+000.0
732.579687,+100.000,+78.9509,+100.0,+0015.0,+0020.0,+000.0
733.650308,+100.000,+78.9564,+100.0,+0015.0,+0020.0,+000.0
734.730563,+100.000,+78.9582,+100.0,+0015.0,+0020.0,+000.0
735.810890,+100.000,+78.9557,+100.0,+0015.0,+0020.0,+000.0
736.891431,+100.000,+78.9587,+100.0,+0015.0,+0020.0,+000.0
737.981878,+100.000,+78.9646,+100.0,+0015.0,+0020.0,+000.0
739.070819,+100.000,+78.9734,+100.0,+0015.0,+0020.0,+000.0
740.201018,+100.000,+78.9803,+100.0,+0015.0,+0020.0,+000.0
741.286023,+100.000,+78.9903,+100.0,+0015.0,+0020.0,+000.0
742.384290,+100.000,+79.0072,+100.0,+0015.0,+0020.0,+000.0
743.472310,+100.000,+79.0552,+100.0,+0015.0,+0020.0,+000.0
744.542264,+100.000,+79.1169,+100.0,+0015.0,+0020.0,+000.0
745.613138,+100.000,+79.5225,+100.0,+0015.0,+0020.0,+000.0
746.692966,+100.000,+80.2386,+100.0,+0015.0,+0020.0,+000.0
747.773666,+100.000,+81.2327,+100.0,+0015.0,+0020.0,+000.0
748.848375,+100.000,+82.3053,+100.0,+0015.0,+0020.0,+000.0
749.933677,+100.000,+83.4199,+100.0,+0015.0,+0020.0,+000.0
751.003222,+100.000,+84.6807,+100.0,+0015.0,+0020.0,+000.0
752.114203,+100.000,+86.2277,+100.0,+0015.0,+0020.0,+000.0
753.244346,+100.000,+88.0139,+100.0,+0015.0,+0020.0,+000.0
754.334365,+100.000,+90.0248,+100.0,+0015.0,+0020.0,+000.0
755.425094,+100.000,+92.1699,+100.0,+0015.0,+0020.0,+000.0
756.550201,+100.000,+94.2239,+100.0,+0015.0,+0020.0,+000.0
757.677833,+100.000,+96.2632,+100.0,+0015.0,+0020.0,+000.0
758.764996,+100.000,+98.3210,+100.0,+0015.0,+0020.0,+000.0
759.845823,+100.000,+100.314,+096.0,+0015.0,+0020.0,+000.0
760.935942,+100.000,+102.293,+090.9,+0015.0,+0020.0,+000.0
762.006006,+100.000,+104.227,+086.0,+0015.0,+0020.0,+000.0
763.140507,+100.000,+105.994,+081.5,+0015.0,+0020.0,+000.0
764.247139,+100.000,+107.590,+077.4,+0015.0,+0020.0,+000.0
765.323532,+100.000,+108.988,+073.7,+0015.0,+0020.0,+000.0
766.396766,+100.000,+110.051,+070.6,+0015.0,+0020.0,+000.0
767.467568,+100.000,+111.053,+068.0,+0015.0,+0020.0,+000.0
768.567673,+100.000,+111.861,+065.5,+0015.0,+0020.0,+000.0
769.677477,+100.000,+112.510,+063.5,+0015.0,+0020.0,+000.0
770.748075,+100.000,+113.038,+061.7,+0015.0,+0020.0,+000.0
771.818124,+100.000,+113.466,+060.0,+0015.0,+0020.0,+000.0
772.898135,+100.000,+113.760,+058.7,+0015.0,+0020.0,+000.0
773.969022,+100.000,+114.000,+057.5,+0015.0,+0020.0,+000.0
775.078304,+100.000,+114.177,+056.3,+0015.0,+0020.0,+000.0
776.189396,+100.000,+114.283,+055.4,+0015.0,+0020.0,+000.0
777.269994,+100.000,+114.346,+054.5,+0015.0,+0020.0,+000.0
778.360846,+100.000,+114.372,+053.8,+0015.0,+0020.0,+000.0
779.459384,+100.000,+114.355,+053.1,+0015.0,+0020.0,+000.0
780.540399,+100.000,+114.305,+052.5,+0015.0,+0020.0,+000.0
781.613833,+100.000,+114.242,+051.8,+0015.0,+0020.0,+000.0
782.690852,+100.000,+114.170,+051.3,+0015.0,+0020.0,+000.0
783.770018,+100.000,+114.071,+050.9,+0015.0,+0020.0,+000.0
784.841039,+100.000,+113.944,+050.4,+0015.0,+0020.0,+000.0
785.911486,+100.000,+113.821,+050.0,+0015.0,+0020.0,+000.0
786.981488,+100.000,+113.704,+049.6,+0015.0,+0020.0,+000.0
788.051107,+100.000,+113.567,+049.2,+0015.0,+0020.0,+000.0
789.181672,+100.000,+113.408,+048.9,+0015.0,+0020.0,+000.0
790.272259,+100.000,+113.257,+048.5,+0015.0,+0020.0,+000.0
791.354863,+100.000,+113.098,+048.2,+0015.0,+0020.0,+000.0
792.417819,+100.000,+112.927,+047.9,+0015.0,+0020.0,+000.0
793.495049,+100.000,+112.773,+047.7,+0015.0,+0020.0,+000.0
794.598006,+100.000,+112.581,+047.4,+0015.0,+0020.0,+000.0
795.692630,+100.000,+112.416,+047.2,+0015.0,+0020.0,+000.0
796.788650,+100.000,+112.244,+046.9,+0015.0,+0020.0,+000.0
797.883641,+100.000,+112.072,+046.8,+0015.0,+0020.0,+000.0
798.995013,+100.000,+111.899,+046.5,+0015.0,+0020.0,+000.0
800.096119,+100.000,+111.709,+046.3,+0015.0,+0020.0,+000.0
801.204566,+100.000,+111.525,+046.2,+0015.0,+0020.0,+000.0
802.326541,+100.000,+111.339,+046.0,+0015.0,+0020.0,+000.0
803.398424,+100.000,+111.158,+045.9,+0015.0,+0020.0,+000.0
804.475597,+100.000,+110.977,+045.7,+0015.0,+0020.0,+000.0
805.550466,+100.000,+110.806,+045.5,+0015.0,+0020.0,+000.0
806.635764,+100.000,+110.628,+045.4,+0015.0,+0020.0,+000.0
807.735707,+100.000,+110.449,+045.3,+0015.0,+0020.0,+000.0
808.815774,+100.000,+110.261,+045.2,+0015.0,+0020.0,+000.0
809.901178,+100.000,+110.082,+045.1,+0015.0,+0020.0,+000.0
810.995682,+100.000,+109.916,+045.0,+0015.0,+0020.0,+000.0
812.106219,+100.000,+109.723,+044.9,+0015.0,+0020.0,+000.0
813.236996,+100.000,+109.554,+044.8,+0015.0,+0020.0,+000.0
814.316621,+100.000,+109.387,+044.7,+0015.0,+0020.0,+000.0
815.396641,+100.000,+109.229,+044.7,+0015.0,+0020.0,+000.0
816.477234,+100.000,+109.062,+044.6,+0015.0,+0020.0,+000.0
817.557254,+100.000,+108.904,+044.5,+0015.0,+0020.0,+000.0
818.658276,+100.000,+108.739,+044.4,+0015.0,+0020.0,+000.0
819.782808,+100.000,+108.576,+044.3,+0015.0,+0020.0,+000.0
820.868554,+100.000,+108.409,+044.3,+0015.0,+0020.0,+000.0
821.948579,+100.000,+108.254,+044.2,+0015.0,+0020.0,+000.0
823.019455,+100.000,+108.087,+044.2,+0015.0,+0020.0,+000.0
824.149834,+100.000,+107.915,+044.2,+0015.0,+0020.0,+000.0
825.249540,+100.000,+107.761,+044.1,+0015.0,+0020.0,+000.0
826.339678,+100.000,+107.615,+044.0,+0015.0,+0020.0,+000.0
827.421211,+100.000,+107.474,+044.0,+0015.0,+0020.0,+000.0
828.510189,+100.000,+107.314,+044.0,+0015.0,+0020.0,+000.0
829.640373,+100.000,+107.155,+044.0,+0015.0,+0020.0,+000.0
830.710150,+100.000,+107.023,+043.9,+0015.0,+0020.0,+000.0
831.790726,+100.000,+106.901,+043.9,+0015.0,+0020.0,+000.0
832.870664,+100.000,+106.764,+043.9,+0015.0,+0020.0,+000.0
833.951365,+100.000,+106.629,+043.8,+0015.0,+0020.0,+000.0
835.022290,+100.000,+106.497,+043.9,+0015.0,+0020.0,+000.0
836.161106,+100.000,+106.343,+043.9,+0015.0,+0020.0,+000.0
837.251424,+100.000,+106.198,+043.9,+0015.0,+0020.0,+000.0
838.356187,+100.000,+106.077,+043.8,+0015.0,+0020.0,+000.0
839.464207,+100.000,+105.948,+043.9,+0015.0,+0020.0,+000.0
840.542664,+100.000,+105.828,+043.8,+0015.0,+0020.0,+000.0
841.613097,+100.000,+105.709,+043.8,+0015.0,+0020.0,+000.0
842.692636,+100.000,+105.607,+043.8,+0015.0,+0020.0,+000.0
843.777745,+100.000,+105.493,+043.8,+0015.0,+0020.0,+000.0
844.854617,+100.000,+105.377,+043.7,+0015.0,+0020.0,+000.0
845.923129,+100.000,+105.248,+043.8,+0015.0,+0020.0,+000.0
847.003979,+100.000,+105.156,+043.7,+0015.0,+0020.0,+000.0
848.097635,+100.000,+105.051,+043.7,+0015.0,+0020.0,+000.0
849.262652,+100.000,+104.918,+043.8,+0015.0,+0020.0,+000.0
850.375982,+100.000,+104.794,+043.8,+0015.0,+0020.0,+000.0
851.454231,+100.000,+104.692,+043.8,+0015.0,+0020.0,+000.0
852.555248,+100.000,+104.588,+043.8,+0015.0,+0020.0,+000.0
853.626348,+100.000,+104.466,+043.9,+0015.0,+0020.0,+000.0
854.704868,+100.000,+104.387,+043.8,+0015.0,+0020.0,+000.0
855.765888,+100.000,+104.301,+043.8,+0015.0,+0020.0,+000.0
856.857876,+100.000,+104.190,+043.9,+0015.0,+0020.0,+000.0
857.958291,+100.000,+104.114,+043.8,+0015.0,+0020.0,+000.0
859.070309,+100.000,+104.009,+043.9,+0015.0,+0020.0,+000.0
860.203345,+100.000,+103.930,+043.8,+0015.0,+0020.0,+000.0
861.276799,+100.000,+103.839,+043.9,+0015.0,+0020.0,+000.0
862.356620,+100.000,+103.748,+043.9,+0015.0,+0020.0,+000.0
863.426839,+100.000,+103.642,+044.0,+0015.0,+0020.0,+000.0
864.488555,+100.000,+103.571,+043.9,+0015.0,+0020.0,+000.0
865.558111,+100.000,+103.492,+043.9,+0015.0,+0020.0,+000.0
866.627650,+100.000,+103.393,+044.0,+0015.0,+0020.0,+000.0
867.697932,+100.000,+103.339,+044.0,+0015.0,+0020.0,+000.0
868.777798,+100.000,+103.234,+044.1,+0015.0,+0020.0,+000.0
869.858211,+100.000,+103.156,+000.0,+0015.0,+0020.0,+000.0
870.918524,+100.000,+103.032,+000.0,+0015.0,+0020.0,+000.0
871.988567,+100.000,+102.804,+000.0,+0015.0,+0020.0,+000.0
873.088834,+100.000,+102.463,+000.0,+0015.0,+0020.0,+000.0
874.200093,+100.000,+102.007,+000.0,+0015.0,+0020.0,+000.0
875.259031,+100.000,+101.497,+000.0,+0015.0,+0020.0,+000.0
876.339226,+100.000,+100.998,+000.0,+0015.0,+0020.0,+000.0
877.410260,+100.000,+100.447,+000.0,+0015.0,+0020.0,+000.0
878.509737,+100.000,+99.8689,+001.2,+0015.0,+0020.0,+000.0
879.621495,+100.000,+99.2866,+002.8,+0015.0,+0020.0,+000.0
880.700779,+100.000,+98.6921,+004.4,+0015.0,+0020.0,+000.0
881.781485,+100.000,+98.0460,+005.8,+0015.0,+0020.0,+000.0
882.850857,+100.000,+97.4391,+007.3,+0015.0,+0020.0,+000.0
883.911322,+100.000,+96.8293,+008.8,+0015.0,+0020.0,+000.0
884.991340,+100.000,+96.2685,+010.4,+0015.0,+0020.0,+000.0
886.092200,+100.000,+95.4876,+012.3,+0015.0,+0020.0,+000.0
887.212752,+100.000,+94.7754,+014.1,+0015.0,+0020.0,+000.0
888.312644,+100.000,+94.0760,+016.0,+0015.0,+0020.0,+000.0
889.442858,+100.000,+93.3703,+017.6,+0015.0,+0020.0,+000.0
890.513142,+100.000,+92.6970,+019.3,+0015.0,+0020.0,+000.0
891.593234,+100.000,+92.0332,+021.0,+0015.0,+0020.0,+000.0
892.673254,+100.000,+91.3678,+022.6,+0015.0,+0020.0,+000.0
893.743696,+100.000,+90.7285,+024.1,+0015.0,+0020.0,+000.0
894.803276,+100.000,+90.0973,+025.7,+0015.0,+0020.0,+000.0
895.883728,+100.000,+89.4768,+027.4,+0015.0,+0020.0,+000.0
896.965151,+100.000,+88.8036,+028.9,+0015.0,+0020.0,+000.0
898.054132,+100.000,+88.0375,+031.1,+0015.0,+0020.0,+000.0
